1672
1518
1623
150
1787
2108
1708
2026
45
91
1697
1998
2012
1797
27
81
2028
1787
2494
2341
2494
2437
1329
1450
1125
44
1607
1574
1756
1892
87
109
47
55
1924
1572
1700
1591
107
55
1061
81
1097
1823
2082
1961
1787
153
2015
2109
84
47
130
1191
1854
1812
1988
2028
128
136
73
1398
84
107
2061
1922
2292
2156
1543
1607
84
67
1734
2101
119
1555
1349
1167
2257
2131
1981
1885
1856
2061
1484
1512
1878
1839
1421
1721
1665
1507
2324
2156
1764
2044
1982
2147
2131
1572
2015
1958
1884
1946
1350
1493
1939
1901
1978
1812
1770
1828
1786
1988
2147
1982
1524
107
1412
1089
2109
2494
1307
103
1770
1863
1818
2143
1797
2238
1721
1736
1646
128
1718
1557
1600
1390
92
51
1655
1560
118
115
1471
1681
2192
2461
55
1074
44
70
1866
1652
79
39
1518
1748
1669
1493
1557
1486
2033
1885
1922
1970
2181
2022
1734
1607
1885
2033
1892
1797
2026
2108
1988
1996
20
1450
2082
2121
1442
1357
55
91
1809
1552
1681
1726
1734
1954
1808
153
60
9
1946
1607
1511
1698
55
99
128
1663
2101
1810
1700
120
1281
1350
1805
120
1748
1736
1079
35
1422
76
2232
2100
1834
1756
1899
1511
137
128
164
1705
1517
1432
146
149
1475
1662
1349
1918
1390
1607
47
44
1681
1731
1884
2147
12
84
2288
1992
139
1646
1866
1329
1754
1572
1494
1570
2189
1988
2152
2034
2040
2152
141
127
2006
1885
66
98
2438
2376
1825
1662
2143
2181
2122
2000
99
130
1734
1824
87
100
2131
1580
102
1500
1558
104
1736
1320
1500
1450
48
87
1473
1368
1384
1285
2045
2192
1828
1924
147
1770
2186
2467
1436
81
1913
1560
1698
71
99
53
1392
1723
1573
1781
1839
1726
1421
73
1494
1555
1976
1760
77
26
1604
120
2190
2040
1726
1739
1958
1964
115
109
1378
1877
2771
2794
2509
2189
1420
1512
2376
2053
1819
1662
2376
2437
2437
2570
2059
1885
1410
115
1805
1863
1507
1622
2008
1760
1515
1819
1046
119
1450
1746
33
87
2093
2203
2257
2040
68
1442
1687
1655
1809
1848
1074
91
2823
2794
45
55
1151
35
2022
2152
1074
79
1787
47
1970
1828
1798
1908
2022
2145
2785
2794
105
119
1560
133
2073
1994
1151
91
1593
1739
1905
2188
1800
1254
1748
1307
73
44
1677
1663
1528
1669
2570
2663
1418
1615
1533
109
1673
1908
1580
153
1805
150
109
1518
1760
1901
1500
1511
2107
2147
55
66
2034
1764
1992
2053
1897
1948
1585
1390
1307
135
55
1436
1770
1985
1191
51
118
82
1994
1787
1670
2061
1646
1718
1497
140
91
1698
1368
127
43
71
1787
1607
1839
1889
84
1410
2027
1838
63
1424
1450
1424
2188
1988
1489
158
1511
1675
1641
1600
120
1561
2252
2505
1828
1450
102
79
106
73
2143
1958
2162
1928
1863
1729
1600
107
118
88
1945
1805
1607
124
1655
2143
1928
2117
1928
2082
1978
2013
1176
1720
95
1576
1570
1285
1423
70
1985
1908
1697
1992
1585
1450
1956
2019
2015
1897
1552
139
1500
1909
124
1533
1511
1615
1615
1390
1874
1794
1826
1731
1506
1420
27
79
82
102
1928
2109
2000
1935
1823
1322
2117
2252
1739
1726
1988
1961
2109
2252
92
101
89
1524
2026
1810
1421
1320
1494
140
1899
1571
1705
1574
154
1489
2040
2145
1641
1486
120
1254
1350
1066
1533
113
1892
2012
1572
1889
45
70
1820
1956
2132
1884
1812
1985
2101
2045
106
1450
1970
1994
2045
2271
1028
1421
1392
1659
2271
2192
1368
1533
79
31
15
1028
111
1524
1669
1550
2292
2000
1411
1691
1469
135
1883
1978
1708
1842
2008
164
1992
1785
1191
1074
2102
2455
105
1647
1320
111
118
87
1486
1652
1885
1956
1671
1787
1442
118
2324
2181
1254
124
1908
1547
51
91
2061
1954
2143
1838
1161
1590
1619
1600
2168
2315
1739
1573
17
1097
90
1406
1357
1619
1503
1708
1810
1838
107
129
1151
45
1956
1863
1877
1970
1676
1681
95
27
1717
1586
92
154
2066
1894
1918
1717
100
128
109
1542
128
1685
2118
1982
1167
1046
1958
1450
1383
107
90
119
81
27
1878
2008
1515
2004
1787
141
2108
2290
1652
1507
1585
1570
1739
1913
1998
1676
2238
2192
2033
1897
1515
962
2053
2122
2183
2102
1964
1670
2461
1984
1731
1576
1964
2015
2102
2213
2017
1820
1841
1669
1975
1785
2467
2663
1994
1963
91
55
2160
1805
113
1672
1580
1525
2035
1874
2809
2785
1671
1798
1866
1826
1739
1866
1066
6
1662
1652
1920
1794
2062
1938
2779
2771
1900
1494
1731
140
1764
1992
2160
1883
1918
1571
2213
2505
1555
1530
2040
1988
1717
1805
1607
84
1863
1907
1667
1378
1600
1607
1956
1770
1605
124
1301
1489
1442
100
1450
1878
1834
1410
1641
1607
76
109
1978
2035
1746
1349
2100
1976
1794
2132
2069
2059
140
86
1802
2143
1746
1604
2053
2168
1384
40
1669
1575
1739
2131
1358
1585
2186
2022
1708
1802
1916
2269
1948
2100
1161
1681
81
75
2422
2040
1708
1885
2785
2760
1390
1487
1327
1823
88
1423
2131
1681
2441
2341
1327
1410
1321
1074
2013
1856
1418
1652
1994
1670
1577
1607
1502
1150
2441
2252
1726
1756
47
1136
1877
2013
1877
1920
1591
1685
1604
124
2118
2101
1772
1739
1524
1320
81
35
106
15
71
1191
1673
1590
29
1423
2143
1932
1963
2121
1818
2181
1726
1984
65
36
1958
1908
1646
1939
68
118
12
1151
2061
2100
1907
150
1349
1530
1525
1819
2188
1946
1646
1639
1946
1818
1878
1866
1908
1812
2149
2207
91
6
2419
2053
2019
1911
1432
1615
153
1494
100
1525
2004
1768
2026
1952
1892
2045
1939
1761
1913
2061
2073
1988
27
1112
1783
2168
1736
127
1675
1500
2109
1818
20
61
1838
1866
1422
1576
1905
2152
2315
2256
1840
122
95
1191
28
63
65
34
2059
1870
1484
1502
2779
2779
1660
1494
1988
2053
102
1406
1729
1975
2122
1991
1848
1988
1865
158
84
47
1390
1418
140
1576
1946
2028
1935
2108
1990
1805
2455
2250
2118
1946
27
53
1726
1714
1863
1590
50
91
2156
2016
105
73
1191
1785
2269
2100
2121
2016
2760
2823
1552
1964
1824
1765
1828
1970
2016
2143
67
1074
55
12
1889
1669
2244
2062
136
141
1839
139
1590
1834
1739
1572
1577
1381
1646
127
2143
2324
1939
1705
2183
2441
1691
1600
2053
2288
79
42
1739
1720
2015
2181
42
81
1421
1494
118
1500
1810
1805
120
1552
111
47
2324
2143
1669
1892
122
1528
1924
1697
1913
1901
1818
2082
2038
2256
2376
2455
2108
1946
1916
1748
100
1191
1770
1675
1557
1469
1866
1915
1966
1877
2028
1848
1622
1285
1956
2118
2804
2771
1958
1798
154
1901
2192
1946
1938
2102
1826
1507
2061
1717
2192
2027
1685
1488
1785
1350
129
1542
48
1412
1739
1378
2122
2650
84
1521
2376
2509
2053
2386
1647
1494
1723
1721
67
1074
1878
1572
1647
149
1655
1561
2650
2727
1726
2004
1798
1572
2252
2040
1984
1838
114
1660
1586
1708
1493
81
1469
136
1718
1713
2044
2341
2213
2018
35
99
1838
1475
1848
1870
1357
1669
2186
2053
1772
1889
2131
2015
1746
1378
2823
2809
40
60
1046
1524
67
88
130
55
1748
2006
2238
1996
1838
1717
1889
1892
2192
1900
1575
1350
1493
1191
1575
51
1748
1552
1907
1607
2050
1622
135
1494
1975
1856
2082
2001
1421
118
1772
1914
87
106
1885
1515
76
119
1798
1756
2271
1839
2018
2324
53
12
1909
1622
2341
2419
93
31
1410
1573
1681
1756
50
1191
2257
2109
1886
1866
1834
1714
1808
1623
2082
1994
1911
1856
1322
53
1981
1604
1996
1946
1330
1295
1552
1786
26
1322
2093
1964
1410
82
84
29
1605
1161
1805
125
2082
1783
2018
2149
1511
78
96
101
1552
1798
1573
1798
1787
1646
1901
2143
1497
1646
1571
1662
127
140
2207
2082
1349
48
1797
2010
2250
2001
60
29
60
27
1375
1798
1418
1913
76
109
2727
2441
2059
1866
2785
2771
1756
1816
1518
1700
2129
2026
2437
2467
1810
166
1505
87
53
79
1765
1966
2315
2034
1852
1934
1907
1665
1622
1384
1798
2010
1530
105
1842
2132
2011
1824
1866
2129
109
76
120
107
2252
2438
2019
1946
88
1321
2232
2006
2438
2650
1708
2008
88
130
1619
1285
1992
2117
1410
93
2011
2226
1785
51
2061
1834
1669
1450
65
90
1734
1560
1542
1663
1676
1471
1667
1301
2256
2149
2061
1916
1928
1994
1322
51
1662
1756
1884
2226
1922
1515
84
53
1839
1985
1990
1994
1450
1571
1913
1506
2152
2422
2053
1905
1074
68
1645
2017
1392
1320
1734
1825
2108
2053
1503
1856
1663
124
2455
2438
88
1357
2121
2250
1984
1756
75
84
1487
1652
1436
1097
96
1383
2145
2292
2168
2000
1905
2073
1718
146
2779
2794
1502
1511
134
1646
1963
1928
70
1028
1840
1421
1357
2061
1892
1329
1991
2108
29
1061
77
84
1997
1889
1089
17
1976
1885
2129
2012
119
105
1935
1990
27
67
48
91
1161
1580
1473
1576
91
68
1254
1671
1662
1378
2100
2143
43
20
35
63
1760
2101
1676
1665
1842
1503
27
1350
1287
1368
139
1494
1662
1511
2438
2663
2727
2288
55
95
1507
1607
2108
2226
2131
2190
130
1436
35
1066
1349
1410
2118
1525
1622
1607
2044
1818
27
79
150
1552
1731
1622
1573
1646
2422
2494
1392
1641
96
1089
1585
1970
2505
2244
124
137
1660
1074
2438
2509
1819
1918
1985
1916
2143
1662
2045
2238
1662
1411
40
67
2299
2183
1952
1885
1442
1819
1494
150
1436
96
1961
2082
2290
1954
100
78
2422
2102
1494
1641
47
1320
2779
2809
1574
1998
45
1321
1349
1287
1350
1074
2183
1905
1112
47
1572
1574
1475
1622
119
1677
1615
1295
1681
2131
1097
1383
2045
2129
2505
2386
1698
99
2162
2015
1900
1645
126
1731
2785
2779
31
88
1982
1708
1442
111
2189
2000
1390
1669
142
1734
2045
1838
47
134
96
1669
1410
1443
1561
138
1985
1839
139
1770
1576
1392
1560
1761
1560
1515
1061
20
1560
1760
1838
1487
1494
1865
2152
2117
1675
2159
1922
2000
141
1746
1381
2131
2015
2054
1992
1825
1756
1726
2650
2437
2050
1900
2044
2117
2760
2779
1756
2461
140
1320
17
79
1812
2160
1660
95
2102
2244
55
1785
1907
1375
1746
1884
1511
1301
1838
1572
2011
1966
1988
2109
1622
1739
2000
2109
2016
2299
114
135
1473
1746
1357
1511
1681
1517
1720
1669
1981
1908
149
1607
1590
2131
1970
2019
1473
1320
1545
84
47
1494
1932
2053
1615
1525
2192
1970
1874
1746
1805
1473
1652
1590
20
1112
2290
2066
2324
2121
55
1493
44
1424
1794
1914
2823
2779
1524
90
1494
1863
1877
1500
1901
1560
95
1500
2299
2131
2505
2455
1756
1886
2015
2122
1089
1028
111
1349
1503
1982
1834
1357
1798
1797
1809
2108
1411
1838
1854
1838
1327
67
1574
1798
1285
1570
1390
1580
1856
2160
2012
1985
1390
1420
75
1410
2108
1852
1357
1585
1733
1946
1756
2010
99
1321
1652
1673
1930
1507
1557
1731
1922
164
1349
1572
1698
88
1660
1718
2066
2069
2059
2129
2050
1885
1691
1384
139
1542
1911
1622
1938
2053
73
102
1384
1512
1574
1805
1952
2108
2061
2232
2207
1992
2062
2181
2162
1905
2053
2053
1916
1945
1823
1089
52
1327
2376
2650
139
154
1573
1731
2256
2016
1673
1817
1358
1622
2168
2244
1590
1826
1392
107
122
1524
2190
2315
1853
1494
2341
2467
89
1120
2181
2257
70
35
2238
1783
2570
2727
1900
1442
1408
1781
2292
2040
119
1505
67
1151
70
6
1475
1585
2102
2189
1817
2147
1254
2129
1590
1576
81
70
2748
2760
140
1840
1646
1604
1855
2013
1772
1838
2386
2467
1500
1585
20
77
2779
2748
1555
1672
99
1066
1756
1866
71
1281
1765
1975
1074
1511
1739
1717
1838
1958
140
1573
1105
1484
1450
2238
1573
1604
2238
1839
102
55
2461
2238
1329
2010
2045
2017
1787
2093
2082
1991
1494
1800
1652
1691
1785
1954
1572
139
115
90
1865
126
1295
1669
1327
34
111
1281
1570
1484
1870
1954
20
65
166
1574
87
39
1954
1818
2040
2238
1954
1856
1900
1572
1074
55
1970
1863
2001
1863
1866
1997
2073
1932
65
1421
140
1800
1945
1939
2437
2186
55
1349
1932
2168
1908
2192
1838
1908
1938
2044
1739
1841
55
71
59
6
52
6
2132
1734
2288
2131
1998
1607
1994
1848
1511
118
1901
1883
1494
1770
1930
2107
1838
1739
1507
1586
2000
2143
2650
2250
2190
2509
1450
1739
2121
1996
1285
1358
1809
2026
1866
1726
1412
73
1381
1641
107
82
1161
1600
2022
2143
1866
2461
2053
1938
124
137
1607
1503
1191
99
1410
1408
123
1525
2069
1964
2040
2186
1450
52
2461
1997
2001
2189
88
53
1150
1285
2082
2438
1756
1958
1877
2132
67
34
1525
1739
1410
1436
962
1667
1911
1676
1074
36
1607
1787
1524
1349
2238
1812
118
89
2288
2143
2019
2017
96
88
1525
1665
2001
2186
1717
1810
2108
1970
20
73
1580
1494
1966
2035
1307
1713
1932
2022
1900
1676
1424
48
2131
2213
2040
2324
1089
109
2159
1697
1652
1982
2053
1928
1572
1924
1723
96
2107
1605
107
109
2100
2015
1521
1443
1885
2093
1946
1662
140
111
45
67
1997
2129
2663
2455
1384
1322
140
1805
1670
2028
2441
2315
1802
1884
1726
1798
1074
51
1918
1746
1713
1515
1985
1976
2156
2419
1600
1517
1097
55
1954
1852
1061
84
2292
2102
1908
1506
1550
1357
1785
1321
1500
1390
2073
2016
1675
147
1839
1892
1423
48
1586
1720
2108
1783
1358
1378
1432
1295
119
96
1717
1924
55
111
91
1125
2238
2053
6
95
102
120
1662
1494
109
47
15
77
1818
2132
111
1028
2203
2019
95
115
1497
1766
1576
47
2455
2062
2156
2467
1841
1798
95
1281
1307
47
1330
1550
127
1766
1450
1984
1662
2118
2271
2012
1639
140
1378
1885
1619
1390
1783
2149
1507
1676
1952
2000
124
1552
1816
1254
1946
1254
111
88
143
1473
1503
1863
2129
1866
9
1079
1112
1322
1320
115
1908
1838
1028
1823
125
1604
1992
1899
1848
1670
2053
1764
79
1412
1320
98
2192
2118
1988
2290
1557
1469
1580
140
1671
1731
2105
1809
2105
2061
115
84
1736
140
1756
2004
1607
2131
1607
128
73
1545
1471
1798
2467
2376
91
40
48
1443
54
91
1916
2033
1996
2117
2045
1992
1731
2131
2244
1991
111
1671
1410
67
2188
2034
1655
120
2809
2760
1717
1586
1685
120
2122
1961
1607
1756
96
1671
1781
1834
109
1368
1511
1734
2494
2189
1585
1411
2121
2062
1572
1471
2108
1922
1341
1392
1946
1764
1576
1662
1946
1552
1641
1655
1889
2461
2034
2143
2044
2509
1605
1381
126
114
1736
119
1911
2159
1713
126
1720
1301
2494
2376
2082
1963
1842
1805
2207
2102
79
111
1863
2050
1607
1605
130
55
1489
1739
1992
2192
1805
1899
1996
1655
120
134
2299
2121
1580
1577
1424
1136
1963
2053
47
1474
1817
1503
138
1307
1517
1453
1604
1916
2131
1992
101
20
2181
1783
2027
1329
1655
1600
1518
1655
1994
2108
962
1607
1420
1622
2232
1981
1322
1191
2238
1892
1167
1423
1494
140
2256
2117
2035
1975
2122
2190
1954
2069
1545
76
1770
1647
1834
1515
1976
1976
2156
2038
1605
962
68
79
1985
1866
2004
1781
1552
1469
1652
1506
1487
1105
2012
1812
2823
2779
2000
2244
2422
2650
36
101
99
68
86
1307
1494
1877
45
55
2028
1990
2232
2269
2250
2082
2004
1572
1443
1571
2256
2183
1675
1349
1320
1556
1976
1990
1605
1734
1838
1500
1805
1802
1607
1557
95
1493
134
1543
1886
1572
1663
1561
136
135
1591
1572
2061
1809
1605
1641
1800
1808
1378
1673
1571
95
113
1320
2269
1976
2419
2494
2143
2054
2129
2045
136
120
1518
1604
42
1383
1787
1623
1646
1878
1783
2062
140
149
2001
2122
1593
1908
1494
120
1327
115
1494
134
962
1502
1151
1575
2467
2299
1450
44
114
1766
1570
1619
1457
1667
115
79
1932
2156
1992
2082
1552
1908
1575
1593
1838
1878
90
1349
55
1028
1717
1930
27
84
120
92
120
1515
1992
2117
1593
1301
35
1061
1783
2190
2018
2257
166
154
1494
143
1754
1560
1739
1726
1552
100
1378
1600
2108
1932
1500
60
1731
1390
1805
141
111
1655
1320
104
1655
1392
2192
2012
1392
1545
1517
1330
2061
1874
1550
1176
1805
1970
1410
1079
28
1066
119
1524
1574
1622
1976
2143
15
63
1700
1754
2189
2022
1839
1839
2771
2760
86
135
1390
1457
1739
1572
1761
1916
1805
1761
1946
1607
1547
1378
1669
1854
1550
1457
1285
1585
1489
1517
1167
65
2027
2461
1502
1487
105
1555
2147
1877
2093
1934
53
20
1913
154
1320
1647
2143
2256
1420
1691
45
1500
1074
1322
1432
1717
2038
2207
1913
1908
76
115
164
1839
2190
1963
1500
1191
1576
127
2570
2386
1384
1739
1622
1913
1899
1983
1659
1600
2129
2271
1924
1442
51
1493
2271
1854
1834
1418
1964
1922
1798
1525
126
1254
1574
1726
1764
1932
2022
2190
1254
128
1580
1731
2823
2785
96
47
2054
2269
1392
1663
79
1442
2038
1655
134
95
1878
1839
1511
88
1442
1580
2053
1992
1726
1525
2152
1818
1660
127
2461
2271
1805
2001
2101
2118
1572
1408
2455
2256
2809
2748
1797
1908
2129
1838
2109
1994
1555
1543
1191
1089
2188
2038
60
71
1469
1655
2386
2250
1935
2105
153
143
2162
2315
1746
139
2038
2152
2117
2257
1946
2183
127
1700
1956
1866
2299
2038
2145
1991
1494
1983
135
1555
65
1412
2034
2288
1320
1573
2437
2292
2271
1889
1410
1151
2016
2386
2082
1901
1471
1507
2109
2299
1421
66
1525
1321
1574
139
2650
2570
1320
1641
1756
1408
1572
1655
1781
1798
1671
1622
2168
2015
1542
1787
1810
1992
26
54
1418
1550
12
27
1573
1834
1954
1787
124
137
143
1573
1863
2004
1500
2050
89
1421
1820
1915
1794
1975
149
1754
73
28
1646
1469
1667
1357
20
93
1524
1639
1378
1838
2509
2419
42
1322
113
76
1721
1646
2509
2650
120
45
1998
1899
1572
1672
2054
1981
2250
2044
2213
2494
101
65
2288
2022
1805
1469
1961
2145
1760
2061
48
1555
2250
2149
2315
2292
2117
1905
134
1368
1772
1866
1607
1161
1580
1681
2159
1909
1398
1555
55
27
2386
2152
1066
65
1797
1985
2143
1770
2004
2147
2028
2026
1105
1619
1392
84
2045
1802
1739
1295
52
1384
1619
1998
2779
2785
1908
2054
47
101
1375
1471
2118
1913
1770
150
1350
1321
104
118
1770
1652
109
135
2147
2192
2252
2727
119
1412
1889
1812
6
91
107
1097
1561
1805
2033
1604
1605
1488
2509
2207
1705
1990
19
79
1787
2059
2117
1994
1378
1619
2015
2188
2213
2040
1408
1798
2101
1254
2190
2143
109
140
2779
2809
2570
2341
1493
1500
2145
2073
1976
1981
1543
1576
1285
1390
79
35
1798
1494
2149
2324
1655
2022
1739
1475
109
1607
1994
1655
6
51
1327
1028
1785
2160
1717
1956
1866
1714
1112
26
1839
1997
2288
2073
1675
1528
1976
2232
115
53
1572
1726
1983
1878
1854
1797
2189
2015
2145
1996
1555
76
2467
2108
2019
1787
122
1721
2256
2509
1892
1841
1990
2093
2117
2062
78
79
1525
1575
1760
1839
1783
2122
2022
2162
2033
2203
1357
1817
125
1392
2109
2238
1786
2000
43
84
1713
149
2101
1863
1622
1746
2207
2040
1580
1494
2131
1998
1357
1547
2143
1856
140
1723
1506
1384
1863
1992
1797
1878
1810
1900
2004
1673
1557
1381
1994
2213
91
27
63
33
1639
1341
1908
1772
1826
1652
1938
1946
2013
1956
1655
1604
1500
1321
47
122
2771
2779
2018
2256
79
1281
1390
1576
1878
1734
1997
2027
1756
1574
1765
1874
1672
129
1669
140
2026
1786
1493
1074
1646
120
1410
73
1552
153
1768
2107
1670
1552
1572
1900
2093
1982
1726
1854
120
1700
1662
1818
1191
84
1866
1641
1816
1800
1736
147
1622
1681
1604
1552
2252
2663
102
1556
1913
1411
1545
98
1572
1726
84
107
2794
2804
1120
1392
2143
2015
1607
1497
20
1079
2152
2000
2053
1996
1946
1842
109
90
2059
1956
1787
1576
1841
1878
2082
1856
1350
1500
79
20
1500
1357
1412
84
1908
1585
2252
2034
19
67
2147
2101
84
53
2324
2040
1586
1901
2727
2494
1607
1422
1089
111
2771
2823
1525
1330
1726
1797
2145
2053
138
1600
1622
1675
2505
2162
79
9
1089
100
2117
1988
1922
2069
126
139
1992
1909
1756
1572
2053
1783
1254
1853
101
111
2131
1665
107
1493
2143
1998
1321
1489
52
91
1717
1673
1619
1378
2018
2181
84
55
55
120
71
35
1805
1966
2008
1945
111
95
2143
2257
1824
1729
1766
1591
1066
24
1878
1494
1307
119
1834
1408
1916
2054
2027
2238
2727
2438
100
1167
71
78
1576
1517
1572
1717
2269
1964
50
81
1450
91
1652
1390
2226
1978
1798
2045
1494
1828
1422
1576
146
1805
48
1167
1915
1645
1838
1739
1866
1834
1838
1739
1720
1457
1805
1883
1489
1457
2026
1946
1515
1760
1956
2082
1818
1992
1659
109
93
45
1321
1151
2018
2131
1322
130
2010
1908
2004
1886
1812
2129
1295
1586
2238
2044
1176
1547
1992
2121
1983
1805
1946
2035
1731
1866
1572
1798
1591
133
1357
1615
1805
2093
1061
1151
2004
1739
1665
1726
2760
2794
1493
1061
2034
2292
2186
1961
1717
1357
2015
2149
1731
147
79
40
1838
1450
1908
1976
2044
2288
1670
1970
1556
89
2016
2438
1321
99
1756
1580
2809
2771
1734
1770
2117
2238
55
115
1028
84
2250
2040
1074
1327
1341
1647
2183
2324
2143
1863
1525
1422
127
133
1357
1151
2108
1946
1392
1558
1946
2011
1471
1907
1785
100
1838
2027
1885
1418
2156
2040
1818
1938
1420
1652
77
79
109
1660
2131
1652
1818
2108
2181
1938
1676
1924
90
118
1870
1964
1988
2038
1908
1487
1028
1384
124
1576
1812
2010
1798
1410
149
1718
84
1518
40
101
2040
2315
2143
2505
2315
2663
2131
1756
1772
1920
82
102
149
1607
2213
1905
1572
1911
1151
81
1760
1901
1905
2082
1991
1928
1739
1756
1787
1660
1990
2033
27
65
73
39
95
27
1646
1473
962
1575
1886
1714
109
1607
2008
1990
1605
1930
105
1840
2129
2132
2093
2290
1663
1736
1839
2027
141
1580
1677
1320
88
1442
1981
1748
1838
1805
1329
1997
35
70
1392
1607
2053
1655
1838
1420
1570
1150
2570
2121
2794
2809
150
166
1992
1899
2143
1863
1600
1913
1990
142
1676
1375
1934
2019
101
27
1922
2033
2027
1839
1889
1756
1321
1357
1856
1863
96
1823
2467
2188
1525
1607
89
48
1550
1908
1474
93
1899
2192
1913
1590
1079
1384
1151
1028
102
47
1982
2143
2315
2570
68
1321
1607
1381
143
1489
1502
1525
1885
2105
1739
1984
2663
2386
1908
2033
1856
1733
1486
1600
153
153
2809
2804
66
75
1669
1984
9
1424
1909
2143
1766
1469
1061
26
1805
1863
1970
2019
1883
1956
2203
2000
1997
1798
1984
1772
1691
1358
67
99
1985
2271
1841
2192
1914
1856
70
130
2118
1911
2650
2663
1970
1935
2341
2145
2419
2252
1558
87
1576
1853
1484
1150
2794
2748
2006
2143
153
1865
70
96
2727
2376
1600
100
2108
1870
1191
19
2226
1885
1530
1287
150
1489
1560
146
2794
2779
1494
1622
2073
2238
1506
1105
1988
1852
1756
1854
1698
1669
1726
1450
1350
1321
1150
1512
2804
2785
24
71
1517
1321
1911
1878
1713
120
1946
2038
1817
2008
1908
1739
1805
1646
2102
2315
65
120
81
1167
1764
1996
1726
1886
1518
134
1733
2026
79
1421
1453
1557
2181
2419
1558
89
47
124
1920
1805
1410
1781
1547
1330
1167
29
84
75
1669
1736
2062
2292
1901
2008
1358
1390
119
1713
2006
1916
2143
1930
2066
2108
1839
1515
1946
2053
1889
1985
109
84
1700
126
2121
1932
1301
1525
1647
1731
130
100
119
1398
1731
1552
141
1605
1964
2232
2192
1982
2455
2213
1897
1604
1607
2143
91
1500
1687
127
2053
1961
1552
1934
1948
1958
2001
2145
1961
1938
130
1327
1605
1453
60
27
2129
1899
1502
1176
51
78
120
1320
1932
2117
1320
111
127
124
1150
1475
1357
1489
1408
1573
1816
1671
1828
2019
1739
1907
91
1669
1970
2045
1826
1576
1770
1646
154
141
1934
1809
1576
1161
2132
2045
1922
2001
2188
1655
96
119
1097
1493
1805
1392
2299
2152
1647
1524
1191
1575
1525
1375
1619
1384
1515
114
9
77
2062
2188
43
102
91
68
2422
2455
1975
1884
1756
1998
1856
1717
1525
1357
2010
1838
1854
1838
1528
1639
1996
1994
1254
2093
2129
1841
2226
2026
91
51
2804
2823
1572
109
2131
1866
1511
1176
2570
2244
1938
1764
1714
2004
1786
1922
1805
1731
1368
1525
1852
2105
1572
1525
102
59
120
1552
2269
2006
1375
1622
136
109
2143
1948
1571
1375
1819
1718
1655
2073
1908
1839
133
1819
1992
1819
1708
1770
1660
111
2017
2059
1819
1488
2061
1772
2001
2156
86
1518
1863
2192
1521
1392
1841
2010
118
1151
150
1878
128
1604
2001
2117
47
120
2059
2026
1061
1410
1646
96
1619
1375
1909
1856
1729
1812
1176
1838
1321
1418
1423
12
1383
55
111
1660
1507
1517
2168
2001
2290
2226
1450
1572
100
1423
1828
2118
1687
1663
2779
2804
2019
2061
1604
1808
141
1798
1818
2053
107
95
12
81
1852
1946
2117
2207
1946
1734
135
1605
1502
1908
1812
1984
61
1450
109
119
1450
1619
2238
2570
2093
2192
1515
1768
1884
2093
2760
2779
1823
130
1507
1572
45
6
120
126
2082
2162
2438
2162
1641
138
1899
2061
1641
1453
1739
1908
1552
146
1357
1511
1866
1909
139
1533
1870
1946
1798
1676
73
111
1998
1828
120
134
1718
1687
1663
123
1812
1841
2102
2238
75
115
1924
2045
2010
1839
1607
1768
19
59
2117
1963
1839
2129
1573
105
1905
2143
1838
1586
127
1392
1915
1810
1669
1660
1600
1662
118
100
2168
2437
2226
1975
1852
2033
1191
1474
2145
1764
84
115
1885
2061
1287
109
1652
1507
133
1557
1494
1687
1717
2159
1770
1946
1928
2082
125
1700
1453
1577
1983
1820
2143
1928
1899
1734
1136
50
1378
1511
1714
1572
109
1787
1590
1885
1964
2203
2226
1970
2000
2082
2000
2105
1786
2108
1805
1840
100
1524
95
1659
2038
2288
1685
126
2061
1976
1913
1705
2256
2073
1320
88
1818
2082
2000
1922
1507
1717
2257
2505
1652
1484
2207
1932
129
100
1512
1285
2117
2509
1281
100
2244
2419
1411
1570
1885
2015
1575
91
2016
2162
1798
1739
91
130
2015
2252
1028
1398
2149
2505
2250
2143
1028
1558
1839
1739
2010
1772
27
61
1607
2008
1571
1392
1838
2129
1991
2190
84
1521
1557
1590
1908
1622
1922
1935
2509
2168
1781
1866
36
43
2192
1839
1885
2061
1946
1994
71
1450
105
1028
1502
1475
1505
1423
2040
2168
54
1066
2441
2018
1079
106
15
95
1856
1863
140
119
1667
1586
115
89
2040
2186
2001
1913
2779
2804
127
1754
120
1718
78
45
1863
2011
1517
1486
1622
1998
2122
1928
1136
60
1552
1350
2129
1494
2008
1357
6
65
1655
1946
1805
1820
1350
1660
1622
1341
109
84
31
17
2257
2016
1378
1838
2027
1841
76
124
1660
136
47
1320
1061
1436
2341
2018
2033
2066
1411
1739
1320
84
1505
1530
1368
104
2147
2101
1525
1900
1899
1676
1746
1662
1281
88
1854
1772
1914
1765
1976
1748
63
1136
1507
1600
15
67
1961
2183
2419
2189
2143
2299
1089
53
2000
2053
17
47
2192
1997
31
6
1963
2108
1645
1770
2045
2118
95
1421
1714
1798
2437
2341
140
1655
1863
2059
39
63
1390
1607
2149
2376
2189
2341
1885
2143
124
136
4
1125
1659
1543
99
55
1512
1502
91
60
1797
2129
2663
2131
1321
55
75
1410
1810
1503
81
102
1607
1507
2183
2044
1573
1646
2006
2061
1673
1418
1285
1662
1604
1494
2663
2376
158
139
105
1524
2292
2189
1956
1746
2143
2727
1410
50
1066
95
1254
1497
2044
2213
1839
2045
104
119
1410
1739
1320
1675
1412
73
1839
1329
2437
2073
1856
1708
76
118
1515
166
1500
1432
142
164
1909
1645
1884
1856
1991
2186
1607
1453
2019
2290
1577
1866
2010
2045
2045
1838
1839
1985
77
27
2238
2437
1877
1572
1764
2122
2062
2422
1521
100
1984
1798
2494
2299
1697
1357
1488
1254
27
60
81
51
2505
2117
1329
1838
1838
1733
1963
2188
1660
91
1907
1681
1607
1681
1866
1739
134
1677
29
92
128
76
70
1089
2053
2213
118
1669
1406
1571
1863
1985
1046
89
1607
1647
1828
1924
1805
1515
1805
109
1922
2066
1998
1739
2461
2012
79
31
100
1412
1524
1528
1457
1432
1726
1507
1321
1660
2505
2422
79
33
1916
1646
120
52
1484
1838
1952
1988
1723
1573
1295
1575
2040
2183
23
77
1647
1748
1450
1854
2105
1922
1493
1442
1557
1350
2341
2422
1671
1524
1357
111
53
75
54
15
1915
1911
2238
1838
2785
2748
1375
1717
135
1473
84
135
93
53
1552
95
158
1853
1285
1285
1866
1726
1593
1378
1985
2192
76
123
1660
1151
1956
1662
1488
1700
1655
2053
1622
105
1511
1418
1984
1839
1655
1991
124
95
2467
2018
1341
111
1905
2156
1991
2038
153
1410
2034
2257
111
119
2419
2650
2034
2162
1604
1748
1574
1922
1327
1410
1383
51
1848
2226
1677
149
1572
1854
1502
1913
1662
1855
139
142
2012
1772
1125
84
2271
2027
111
1669
1322
20
1547
1390
1600
1105
1713
1787
2149
1991
124
136
1665
1756
1453
1826
1074
96
1450
1410
1717
1970
1934
1952
53
107
1572
1713
2033
1976
2162
2441
1552
1990
1432
962
1975
1899
2156
2053
1518
1473
1768
2118
1390
1652
2143
2132
1963
2288
2107
1760
1671
1421
1623
1662
1525
113
2143
1783
1975
1901
2244
2441
1487
1150
81
53
1663
86
1673
1669
136
1307
2108
1961
2203
1952
1853
1573
2045
1856
1808
1816
1976
1922
1570
1911
2257
2001
1669
1593
1586
1593
123
1805
92
40
1105
1502
115
55
1878
1756
1330
1673
2748
2771
154
1805
2069
1786
962
1511
1662
1570
1770
1421
1720
1500
1392
1320
1406
102
1866
1798
1450
1350
1878
2129
2244
2422
2053
1988
1572
1669
1375
1507
1761
1913
2441
2082
2188
2082
2386
2018
2299
2149
1691
1378
53
81
1908
1669
1489
1473
1990
2059
1469
1552
1512
1908
2117
2034
1997
2271
2748
2779
1646
1805
147
1805
1996
2131
2143
1552
2186
2386
1423
1074
2186
2117
1572
1573
59
27
2422
2570
1329
1958
1412
1406
1886
1410
2066
2203
2129
1756
2001
1976
1556
84
2190
2001
1079
45
1841
2238
1673
1500
1948
1604
2131
2250
107
76
1863
1945
2226
1992
67
47
2748
2823
2082
1946
2324
2108
2438
2494
1662
1506
2054
1976
2016
2244
135
1718
130
71
1935
1964
88
47
124
1713
1576
1307
1066
92
2386
2040
1916
1734
1662
1375
1500
1667
2461
1985
1384
102
1700
1572
105
65
1733
2147
118
1698
1555
111
1681
1866
2419
2727
2040
2207
109
1646
1350
40
1961
1963
1646
154
137
125
1443
105
1511
1580
1908
1717
2207
2455
1669
1878
1992
2082
1418
1330
1901
1605
2045
1329
2804
2760
1994
1938
1580
1486
2012
1997
2062
1818
1956
1580
1167
1327
1600
1358
105
1675
138
129
2663
2727
1410
140
1838
1669
1726
1892
1322
1327
2292
2183
1798
1907
150
1865
1486
1576
47
105
2804
2748
1798
1756
126
1604
1739
1511
1922
2069
1878
139
2033
2226
1125
106
1423
96
