2309
2327
2457
2309
2695
2700
2700
2695
2495
2474
2305
2044
2785
2660
2695
2700
2705
2715
2280
2358
2660
2785
1894
1794
2446
2327
1769
1632
2804
2748
2327
2495
2275
2372
2242
1993
1631
2188
2327
2378
2374
2322
2779
2771
2346
1913
2446
2238
2475
2078
2117
1921
2771
2794
2355
1807
2424
2446
2779
2804
2044
2474
1894
2475
2665
2725
2446
2456
2378
2495
2725
2665
2660
2785
2224
1932
2282
2020
2376
2090
2365
1859
2234
2191
2823
2794
2700
2695
2309
2238
2411
1781
1863
2259
2416
1855
2242
2059
2388
2495
1953
2522
2063
2018
2823
2785
2378
2424
1888
2369
2665
2725
2044
2446
2303
1945
2378
2342
1565
1807
2419
1807
2474
2238
1773
2147
2378
2457
2660
2785
1926
2228
2288
1751
2074
2238
2304
1831
2015
2266
2853
2772
2242
2015
2772
2853
2705
2715
2785
2748
2456
2238
1868
2409
2381
1736
2665
2725
2149
2212
2665
2725
1853
2191
2311
1774
2725
2665
1662
1894
2725
2665
2558
2349
2760
2779
2583
2159
2748
2779
1768
2227
2378
2044
2395
1923
1876
2314
2794
2809
2279
1766
2182
2342
2271
2443
2408
2033
2665
2725
2309
2461
1864
2191
2201
2254
2101
2311
2779
2809
2804
2823
2388
2378
2665
2725
1778
1985
2660
2251
2660
2785
2327
2424
1931
2191
2660
2785
2567
2550
2700
2695
2823
2779
2809
2771
2149
2223
2379
1886
2259
2531
2660
2785
2378
2446
2449
2508
2309
2456
2194
2008
2319
2102
2379
2295
2779
2785
2424
2309
2238
2388
2809
2804
2424
2457
2329
2588
2207
2114
2488
2254
2044
2456
2694
2502
2785
2794
2377
2404
2771
2760
2474
2309
2342
2456
1899
2331
1681
1773
1923
2149
2335
1787
2785
2660
2457
2238
2725
2665
2660
2785
2660
2785
2327
2342
2210
2187
2700
2695
2701
2399
2785
2660
2305
2495
1881
2379
2779
2748
2281
2215
1789
2457
2785
2660
2200
1948
2484
1894
2456
2388
2665
2725
2191
2039
1695
2287
2665
2725
2014
1892
2771
2779
2382
2151
2660
2785
2201
2023
2700
2695
2365
1881
2232
1763
2760
2794
2725
2665
2388
2044
2378
2474
2785
2660
2785
2771
2760
2779
2238
2495
2180
2375
2200
2486
2424
2044
1770
2290
2317
1944
2118
1892
2162
2329
2342
2495
2725
2665
2779
2794
1834
1826
2785
2660
2391
1897
2457
2456
2715
2705
2044
2309
2040
2142
1837
2383
2785
2660
2422
2002
2305
2342
1930
2016
2077
2191
2191
1989
2794
2748
2238
2327
2424
2456
2336
1932
1893
2018
2305
2098
2277
1718
2725
2665
2076
2339
2785
2779
2410
2437
2305
2378
2772
2853
2695
2700
2456
2305
2779
2779
1977
2171
2270
2353
1843
1702
2495
2457
1699
1926
2388
2342
1961
1831
2309
2305
2665
2725
2001
2001
2281
2373
2665
2725
2199
2191
2779
2804
2779
2809
1314
1276
2238
2424
2305
2327
2191
2014
1671
2001
2474
2305
2015
2444
1908
2421
2044
2457
2579
2185
2457
2342
2748
2760
2785
2660
2853
2772
2695
2700
2446
2342
2309
2388
1561
2000
2725
2665
2480
2334
2217
2373
1824
1864
2342
2309
2238
2378
2463
1910
1922
2474
1948
2249
2049
2191
2474
2446
2665
2725
2474
2456
2457
2446
2386
2023
2264
2387
2388
2305
2725
2665
2748
2823
1679
2452
1735
2449
2794
2779
2725
2665
2695
2700
2665
2725
2785
2760
2785
2660
1948
2155
2054
2518
1777
2235
2705
2715
2748
2771
1844
2417
2695
2700
2823
2809
2388
2424
2180
2315
2302
1732
2725
2665
2809
2760
2804
2785
2475
1898
1943
1704
2243
2353
2725
2665
1996
2278
2771
2823
2298
1773
2124
1747
2804
2771
2695
2700
2191
2067
2809
2748
2270
2023
1751
1670
2665
2725
1625
1728
1943
2295
2305
2424
2695
2700
2308
1942
2125
2539
2191
2101
2429
2048
2386
2490
2446
2305
2474
2342
2760
2823
1971
2358
2327
2474
2227
2006
2353
1889
2456
2495
2302
2463
1922
1654
2581
2100
2725
2665
2725
2665
2343
2203
2695
2700
2303
1989
2105
2350
1907
1910
1990
2223
1825
1997
2292
2171
2106
1765
2223
2405
2495
2044
2066
2224
2700
2695
2495
2424
1834
2339
2366
2073
2456
2378
2665
2725
2327
2457
2191
2084
2457
2474
2785
2660
1495
1643
2474
2388
2058
2339
2431
2736
2700
2695
2725
2665
1641
2189
2063
2402
2794
2804
1836
2246
2660
2785
2342
2424
2809
2785
2725
2665
1703
1497
2660
2785
2700
2695
2446
2309
2161
1314
2538
2381
1908
1721
2804
2760
2495
2309
2823
2779
2327
2044
1797
1732
2342
2044
1621
1773
1947
2372
2715
2705
2373
2217
2342
2238
2305
2457
2665
2725
2700
2695
2388
2327
2446
2388
2044
2238
2058
2181
2665
2725
2457
2388
