not_master	1002.74 -29 341 0.0 0 0.5 0.52 0.48 6 13 -650 63 27 2 2 0 7 1 19
not_master	100 0 0 290 0 0 0.3 0.36 0.38 3 10 -100 496 26 2 4 3 5 1 12
master	1000.48 -64 87 0 0 0.4 0.48 0.48 4 16 -118 84 33 4 4 0 9 1 9
not_master	100 0.64 -22 84 0.0 0 0.4 0.6 0.48 7 16 -109 70 33 4 4 0 2 1 10
master	1290.4 -1 131 0.0 0.0 0.5 0.56 0.42 4 17 -122 85 40 4 4 0 5 1 13
master	129 0 -177 110 0 0 0.5 0.36 0.36 3 14 -174 147 39 4 4 1 9 1 14
master	3801.57 0 175 0.0 0.0 0.4 0.6 0.6 8 24 -67 270 40 4 2 1 0 1 9
master	380 2.15 -61 86 0 0 0.4 0.6 0.55 8 22 -275 0 40 4 4 1 1 1 32
master	1001.0 -15 73 0 0 0.6 0.36 0.37 4 11 -86 80 30 4 4 0 3 1 17
master	100 0 -14 133 0 0 0.4 0.32 0.34 2 10 -166 11 29 4 2 2 4 1 12
not_master	2460 -26 1047 0 0.0 0.5 0.52 0.49 5 25 -203 2097 51 4 4 2 2 1 15
not_master	246 0 -110 136 0 0 0.2 0.32 0.39 3 20 -2231 121 51 4 4 0 3 1 30
master	2681.3 -79 447 0 0.0 0.3 0.44 0.43 3 23 -468 90 54 4 4 5 1 1 15
master	268 0.57 -11 166 0.0 0.0 0.4 0.4 0.43 3 23 -447 83 53 4 4 1 0 1 20
master	431-0.41 -17 431 0.0 0 0.2 0.32 0.46 5 19 -435 522 41 4 4 4 7 0 0
master	431 0 -253 307 0 0.0 0.3 0.4 0.5 6 20 -433 135 40 2 2 3 4 1 18
master	2810 -55 726 0 0 0.3 0.28 0.42 5 15 -666 101 36 4 4 0 8 1 25
master	281 11.66 0 408 0.0 0 0.5 0.4 0.37 3 13 -476 62 35 4 4 1 9 1 32
not_master	5204.47 -32 215 0.0 0.0 0.4 0.6 0.53 7 23 -729 23 43 4 4 3 3 0 0
not_master	520 0 -86 335 0.0 0 0.6 0.64 0.67 9 28 -50 549 42 4 2 2 3 1 8
master	2091.48 0 149 0 0 0.4 0.36 0.39 4 17 -158 153 44 4 4 0 3 1 19
master	209 0 -47 182 0 0 0.2 0.4 0.48 3 21 -218 28 44 4 1 1 8 1 16
not_master	51120.68 -5 5018 0.0 0.0 0.4 0.52 0.53 5 25 -53 5273 47 4 4 2 4 0 0
not_master	511 -16.23 -763 473 0 0 0.4 0.4 0.47 5 22 -5297 48 47 4 4 3 1 1 8
master	1800 -590 1022 0 0 0.1 0.36 0.41 4 16 -590 1011 39 4 2 2 12 0 0
not_master	180 1.62 0 750 0 0 0.4 0.32 0.33 3 13 -1386 21 39 4 4 0 7 1 16
not_master	1420 -2 310 0 0 0.5 0.4 0.39 4 14 8 650 36 4 4 0 6 1 13
not_master	142 0.06 0 1099 0.0 0.0 0.1 0.32 0.33 4 12 -1595 0 36 2 4 0 5 1 30
master	3650.21 -1 89 0 0.0 0.4 0.36 0.51 4 27 -132 75 53 4 2 5 3 1 11
master	365 0 -21 379 0 0 0.4 0.44 0.56 7 29 -323 114 52 4 4 1 5 1 10
not_master	1002.07 0 85 0.0 0 0.6 0 0.57 2 8 -77 64 14 4 4 0 0 0 0
master	100 0 0 132 0 0 0.4 0 0.54 3 7 -161 8 13 4 4 0 1 0 0
not_master	1421.76 -18 379 0.0 0.0 0.2 0.36 0.3 4 10 -381 150 33 4 4 1 3 1 17
not_master	142 2.27 -7 441 0.0 0.0 0.2 0.36 0.3 3 10 -320 3 33 2 4 0 4 1 16
not_master	1420 -22 153 0 0.0 0.5 0.56 0.63 7 26 -16 310 41 4 4 3 1 1 21
not_master	142 1.66 -8 190 0 0 0.2 0.4 0.41 3 17 -362 15 41 2 2 0 0 0 0
not_master	3020.34 -11 496 0.0 0 0.3 0.32 0.38 2 18 -1289 73 47 4 4 0 5 1 19
not_master	302 0 0 605 0.0 0 0.6 0.48 0.52 8 24 -389 1254 46 4 4 1 6 1 42
not_master	1000.2 -36 565 0 0.0 0.4 0.56 0.62 8 31 -583 465 50 4 4 7 4 1 41
not_master	100 0 -31 148 0 0.0 0.4 0.44 0.58 9 29 -473 77 50 1 1 5 7 0 0
not_master	5731.9 -29 232 0 0.0 0.2 0.36 0.35 6 28 -201 311 79 4 2 5 15 1 27
not_master	573 0 -114 350 0 0 0.2 0.2 0.41 3 32 -480 0 79 2 4 1 11 1 10
master	2900 -27 369 0.0 0 0.5 0.4 0.54 5 20 -522 89 37 4 4 0 3 1 25
master	290 0.25 -249 205 0.0 0.0 0.4 0.48 0.42 5 15 -148 389 36 4 4 11 11 1 24
not_master	2190 0 132 0.0 0.0 0.7 0.56 0.61 7 22 -51 412 36 4 4 3 4 1 23
not_master	219 -1.39 -81 152 0 0 0.6 0.52 0.56 4 20 -217 46 36 4 4 0 9 1 26
master	1003.47 -18 208 0.0 0 0.4 0.44 0.58 5 35 -227 56 60 4 4 2 2 1 13
not_master	100 0.05 0 381 0.0 0.0 0.6 0.48 0.45 7 27 -369 227 60 4 4 4 4 1 10
master	44317.2 -9 430 0 0 0.2 0.6 0.6 13 15 -43 829 25 4 4 4 4 1 13
not_master	443 0.8 -246 99 0 0 0.2 0.28 0.28 3 7 -933 0 25 4 4 0 3 1 14
not_master	1343.65 0 266 0.0 0.0 0.4 0.44 0.51 4 25 -73 416 49 4 4 1 3 0 0
not_master	134 0.04 -10 494 0.0 0 0.4 0.4 0.45 4 22 -658 58 49 4 4 4 1 1 42
master	4020 -1 74 0.0 0.0 0.4 0.48 0.59 11 33 -120 77 56 4 4 5 2 0 0
master	402 0.15 0 267 0 0.0 0.2 0.4 0.47 6 26 -237 368 55 4 4 2 2 1 20
not_master	2300 -16 271 0.0 0 0.4 0.44 0.46 4 16 3 1455 35 4 4 5 9 1 9
not_master	230 0 -9 228 0.0 0 0.5 0.48 0.43 3 15 -1852 0 35 4 4 1 12 0 0
master	1220.09 -27 170 0 0.0 0.6 0.6 0.5 6 51 -147 75 101 4 4 17 2 1 11
master	122 0.13 -65 170 0.0 0 0.6 0.68 0.52 11 53 -157 139 101 2 3 6 7 1 8
master	2960 -16 726 0.0 0.0 0.3 0.48 0.58 5 21 -232 1302 36 4 4 5 6 1 23
master	296 0.03 -68 550 0.0 0 0.1 0.2 0.36 6 13 -1337 0 36 4 1 2 4 0 0
not_master	2190.03 -86 325 0.0 0 0.7 0.48 0.38 4 13 -341 91 34 4 4 0 6 1 23
master	219 11.24 -29 382 0 0.0 0.7 0.6 0.59 6 20 -179 296 34 4 4 1 6 1 34
not_master	1070 -113 893 0 0 0.0 0.2 0.22 3 7 -1055 24 32 4 4 1 6 1 7
master	107 0 -1 258 0 0.0 0.4 0.52 0.52 3 16 -10 650 31 4 4 4 3 1 10
master	5060.18 -505 512 0 0 0.3 0.4 0.5 4 19 -505 10 38 2 4 0 3 1 13
master	506 0.32 -2 362 0 0 0.3 0.44 0.34 4 13 -316 118 38 4 4 0 2 1 10
master	4400 0 83 0 0 0.2 0.24 0.29 2 9 -63 35 31 4 4 1 0 0 0
master	440 0 -8 69 0 0 0.3 0.32 0.35 2 11 -80 53 31 4 4 2 1 1 18
not_master	3671.33 -23 103 0 0 0.6 0 0.5 3 6 -50 55 12 4 2 3 7 1 7
master	367 0 -24 99 0.0 0 0.8 0 0.82 7 9 -79 41 11 4 4 0 5 0 0
master	3081.16 0 177 0 0 0.2 0.36 0.45 6 29 -66 257 64 4 4 2 3 1 25
master	308 0.9 -35 284 0.0 0 0.4 0.4 0.46 4 29 -440 32 63 2 2 6 3 1 16
master	2040.23 -321 181 0 0 0.5 0.4 0.43 4 32 -416 125 74 4 2 9 3 1 21
master	204 0 0 691 0.0 0 0.4 0.36 0.53 13 39 -601 371 73 4 4 4 5 1 14
not_master	2260 -3 210 0 0 0.1 0.24 0.32 3 11 -70 636 34 4 2 2 4 1 21
not_master	226 0 -20 139 0 0 0.2 0.32 0.44 5 15 -645 0 34 4 4 0 3 1 28
not_master	1410 0 285 0 0 0.3 0.48 0.47 4 19 -22 829 40 2 2 4 4 1 21
not_master	141 0.55 0 195 0 0 0.3 0.52 0.5 5 20 -931 8 40 4 4 1 4 1 16
not_master	2360 -52 1110 0 0.0 0.5 0.52 0.38 4 28 -1041 460 73 4 4 6 12 1 27
not_master	236 0 -50 692 0 0 0.5 0.44 0.42 3 31 -829 22 73 4 4 1 8 1 18
not_master	2120 -20 251 0.0 0 0.5 0.48 0.56 6 24 -82 1096 43 2 2 6 7 1 21
not_master	212 0.05 -4 851 0 0 0.3 0.36 0.37 3 16 -1122 20 43 2 2 1 3 1 34
not_master	5760 -61 97 0 0.0 0.7 0.52 0.62 6 40 -284 100 65 4 4 3 4 1 19
not_master	576 6.97 0 446 0 0.0 0.4 0.48 0.42 4 27 -222 236 64 4 4 15 3 1 10
master	3650 -48 124 0 0 0.4 0.4 0.41 3 15 -94 89 37 4 2 3 0 1 11
master	365 0 -51 81 0 0.0 0.4 0.48 0.56 7 20 -132 62 36 4 4 1 3 1 10
master	3822.17 0 155 0 0.0 0.3 0.48 0.44 3 18 -149 92 41 4 2 0 3 1 9
master	382 1.88 -50 549 0 0 0.6 0.52 0.5 4 20 -570 74 40 4 4 0 7 1 20
not_master	1003.97 -87 387 0 0 0.5 0.52 0.47 4 14 -888 -43 30 2 2 2 4 0 0
not_master	100 0 0 194 0.0 0 0.8 0.76 0.69 7 20 -21 799 29 2 3 3 1 1 8
master	5087.63 -20 738 0 0 0.2 0.32 0.37 3 14 -852 113 38 4 3 1 4 1 11
not_master	508 0 0 265 0 0 0.4 0.48 0.45 4 17 -324 340 38 4 4 0 5 1 12
not_master	3550.53 -99 347 0 0 0.4 0.56 0.49 5 28 -1263 122 57 4 4 4 2 1 9
not_master	355 0 -49 799 0 0 0.4 0.32 0.51 7 29 -872 1312 57 4 4 1 6 1 16
master	2170 -17 1123 0 0.0 0.5 0.48 0.58 5 19 -463 690 33 4 4 4 9 1 15
not_master	217 0 -366 181 0 0 0.3 0.4 0.42 3 14 -637 383 33 4 4 0 6 1 20
not_master	1420 -13 565 0.0 0 0.5 0.44 0.44 4 12 -108 733 27 4 4 4 1 1 25
not_master	142 0.52 0 460 0 0 0.4 0.44 0.48 3 13 -876 0 27 2 4 0 2 0 0
not_master	1000.07 -18 48 0.0 0 0.6 0.32 0.3 3 9 -43 69 30 2 2 1 3 1 19
master	100 0 -22 50 0 0.0 0.7 0.56 0.5 6 15 -83 27 30 4 4 1 2 1 20
not_master	1475.04 -64 121 0 0 0.3 0 0.38 1 9 -305 73 24 4 4 0 4 1 9
master	147 0 0 149 0 0 0.3 0 0.48 5 11 -130 266 23 4 4 0 1 1 16
not_master	1300.14 -34 1107 0 0 0.3 0.4 0.49 5 18 -1064 359 37 4 4 0 8 1 9
not_master	130 0.62 -36 208 0.0 0 0.3 0.56 0.54 7 20 -105 369 37 4 4 1 3 1 22
master	3774.53 -8 136 0 0 0.4 0.48 0.5 3 15 -111 81 30 4 2 4 6 1 23
master	377 0 0 159 0 0.0 0.4 0.56 0.53 5 16 -137 13 30 4 4 0 4 1 24
not_master	100-1.43 -81 119 0 0.0 0.4 0.36 0.4 5 12 -91 121 30 4 4 0 4 1 29
master	100 2.03 -2 767 0.0 0 0.5 0.4 0.33 4 10 -711 68 30 4 4 0 3 1 36
not_master	2240.84 -15 156 0 0 0.1 0.44 0.39 3 12 -405 50 31 4 2 0 5 1 25
not_master	224 0 0 513 0 0.0 0.2 0.4 0.43 3 13 -387 393 30 4 4 1 3 1 26
master	2203.52 0 411 0 0 0.2 0.24 0.38 4 19 -100 424 50 2 2 1 7 1 13
master	220 0.51 -52 115 0 0 0.4 0.4 0.45 4 22 -469 14 49 4 4 1 8 1 14
not_master	100-0.02 -20 184 0 0 0.3 0.48 0.57 7 35 -699 111 61 4 2 0 6 1 9
master	100 4.68 -21 376 0 0 0.4 0.52 0.53 4 32 -329 497 60 4 4 2 6 1 48
not_master	14214.85 -13 459 0 0 0.2 0.32 0.3 2 8 -274 792 27 4 4 0 4 1 21
not_master	142 0.41 -35 164 0 0 0.2 0.32 0.3 2 8 -1681 0 27 2 4 0 4 0 0
not_master	1000 -268 709 0 0.0 0.6 0.56 0.55 5 36 -541 1015 66 4 4 5 18 1 23
not_master	100 11.65 -15 1115 0.0 0 0.7 0.56 0.52 7 34 -1827 156 66 4 4 6 22 1 32
not_master	3028.33 -1 458 0 0.0 0.8 0.64 0.55 7 30 -335 251 55 4 4 4 3 1 21
not_master	302 0.02 -9 355 0 0.0 0.4 0.4 0.48 4 26 -354 5 54 4 4 2 3 1 46
master	3090 -2 110 0 0.0 0.4 0.52 0.55 5 16 -33 1213 29 4 4 2 5 1 13
not_master	309 0 -13 530 0.0 0.0 0.6 0.6 0.55 4 16 -1308 0 29 4 4 1 3 1 24
master	3183.26 -157 258 0 0 0.4 0.36 0.42 2 18 -359 510 43 4 4 0 7 0 0
not_master	318 0 -38 466 0 0.0 0.4 0.28 0.37 3 16 -532 311 43 2 2 5 10 1 14
not_master	5321.4 -50 149 0 0 0.0 0.24 0.29 3 10 -210 33 35 4 1 0 8 1 27
not_master	532 0.65 -1 216 0 0.0 0.4 0.48 0.5 6 17 -228 166 34 4 2 2 6 1 8
not_master	1000.59 0 93 0 0 0.3 0 0.35 2 6 -45 40 17 4 4 0 1 1 21
master	100 0 -3 79 0.0 0 0.4 0 0.44 2 7 -85 0 16 4 4 0 5 1 22
master	5411.81 -25 77 0 0.0 0.4 0.36 0.33 2 9 -91 111 27 4 4 2 2 1 29
master	541 0 0 145 0 0.0 0.3 0.44 0.46 4 12 -222 41 26 4 4 1 3 1 30
not_master	5830.29 0 305 0 0 0.2 0.24 0.26 2 11 -73 205 42 4 4 0 8 0 0
not_master	583 0.79 -59 180 0 0 0.3 0.32 0.45 5 19 -332 0 42 4 4 0 4 1 10
not_master	4020 -573 94 0 0 0.2 0.32 0.39 4 12 -573 231 31 4 4 0 9 1 9
not_master	402 8.55 -46 391 0 0 0.1 0.28 0.26 3 8 -485 0 31 4 4 0 7 1 18
not_master	3410 -9 492 0 0.0 0.4 0.52 0.53 5 17 -285 410 32 4 4 0 3 1 11
not_master	341 13.22 -123 1202 0 0.0 0.3 0.52 0.5 5 16 -1437 122 32 4 4 1 8 1 16
not_master	2030 0 106 0 0 0.4 0 0.48 3 11 4 478 23 4 4 0 1 1 21
not_master	203 2.87 -4 93 0 0 0.4 0 0.26 3 6 -526 0 23 4 4 0 5 1 24
not_master	39230.81 -41 832 0.0 0 0.5 0.32 0.33 4 9 -1482 54 27 4 2 0 4 1 9
not_master	392 27.88 -1 725 0 0 0.3 0.48 0.46 5 12 -191 757 26 4 4 1 2 1 16
master	2540 0 480 0 0 0.4 0.32 0.37 4 18 -373 239 49 4 4 1 5 1 25
master	254 0 -116 87 0 0.0 0.2 0.28 0.33 2 16 -253 40 49 4 4 1 11 1 18
not_master	1420 0 498 0 0.0 0.6 0.76 0.74 12 23 -43 1507 31 4 1 11 7 0 0
not_master	142 6.58 -46 394 0.0 0.0 0.6 0.56 0.55 7 17 -1754 21 31 2 4 1 3 0 0
master	3841.03 -48 103 0 0.0 0.5 0.4 0.38 3 14 -85 82 37 4 2 0 3 1 9
master	384 11.64 -1 419 0 0.0 0.4 0.4 0.5 6 18 -426 49 36 4 4 1 5 1 16
master	2850.14 -27 247 0 0 0.5 0 0.29 2 6 -228 75 21 4 4 0 1 1 13
master	285 4.15 0 139 0 0 0.3 0 0.25 2 5 -176 13 20 4 4 0 3 1 16
master	3500 -126 664 0 0 0.2 0.28 0.47 8 19 -668 617 40 4 2 4 14 1 47
master	350 29.48 -28 1179 0.0 0.0 0.4 0.48 0.53 6 21 -1661 74 40 4 4 2 7 1 24
master	1004.33 0 143 0.0 0.0 0.4 0.48 0.42 3 14 -31 245 33 4 4 0 2 1 11
not_master	100 2.42 -73 361 0 0.0 0.4 0.4 0.42 4 14 -432 0 33 4 4 0 3 1 10
not_master	227-17.69 -690 305 0 0 0.4 0.4 0.44 3 17 -1017 112 39 4 4 0 3 1 15
master	227 19.61 -25 745 0 0 0.3 0.24 0.34 3 13 -181 1008 38 2 4 2 9 1 14
not_master	2240 0 709 0 0 0.1 0.4 0.43 4 12 -132 389 28 4 2 2 3 1 43
not_master	224 -2.25 -63 222 0 0 0.2 0.36 0.43 3 12 -842 70 28 4 4 0 1 1 20
master	1190.86 -11 195 0 0 0.6 0.52 0.54 7 42 -39 291 78 4 1 8 8 1 25
master	119 0.33 -23 389 0.0 0 0.7 0.52 0.49 5 38 -473 24 78 4 4 6 5 1 30
not_master	1424.51 -81 176 0 0.0 0.2 0.32 0.44 4 17 -129 323 39 4 4 1 2 1 41
not_master	142 0.69 -11 189 0.0 0 0.3 0.48 0.56 5 22 -590 72 39 2 4 4 2 1 16
master	5470.63 -47 198 0.0 0.0 0.3 0.52 0.51 4 21 -146 115 41 4 4 1 8 1 19
master	547 0 -20 355 0.0 0 0.5 0.44 0.46 3 19 -119 101 41 4 2 0 5 1 8
not_master	3770.6 -61 266 0 0.0 0.2 0.28 0.28 4 11 -730 39 40 4 2 1 3 1 11
not_master	377 0 0 192 0 0.0 0.3 0.28 0.41 4 16 -84 683 39 4 4 0 3 1 14
not_master	14218.05 0 379 0 0 0.4 0 0.43 2 9 30 917 21 4 4 1 2 1 15
not_master	142 0 0 228 0 0 0.2 0 0.14 1 3 -1040 0 21 2 4 0 2 1 16
master	2150.62 0 479 0 0 0.3 0.4 0.48 5 30 -436 199 63 4 4 5 11 1 15
master	215 0 -15 427 0 0 0.6 0.44 0.48 4 30 -405 439 62 4 4 0 5 1 16
not_master	301-2.64 -124 222 0 0 0.5 0.44 0.43 3 20 -424 87 47 4 1 0 6 1 31
not_master	301 0 -15 247 0 0.0 0.6 0.48 0.52 7 24 -116 458 46 4 2 4 5 1 14
master	3810 -243 306 0 0.0 0.3 0.48 0.5 4 22 -243 91 44 4 2 1 3 1 9
master	381 0 -22 137 0 0 0.5 0.52 0.6 8 26 -153 54 43 4 4 1 2 1 20
master	1420 -55 178 0 0 0.3 0.28 0.29 1 10 -81 108 35 4 4 0 3 1 43
not_master	142 0.89 0 387 0.0 0 0.2 0.2 0.17 2 6 -155 23 35 2 4 0 4 1 20
master	2120 -65 222 0.0 0 0.5 0.56 0.51 8 27 -878 150 53 4 4 4 2 0 0
master	212 0 -8 208 0.0 0 0.4 0.48 0.69 12 36 -210 870 52 4 4 9 22 0 0
master	1400 -20 177 0 0 0.2 0.4 0.49 4 18 -21 339 37 2 4 2 4 0 0
not_master	140 0 -43 152 0 0 0.0 0.24 0.32 4 12 -384 0 37 2 2 1 5 1 16
master	3671.97 -3 110 0.0 0.0 0.4 0.4 0.4 3 12 -35 127 30 4 3 1 2 1 7
master	367 0.31 0 96 0 0 0.4 0.4 0.38 2 11 -121 0 29 4 4 0 3 1 16
not_master	2081.53 -44 99 0.0 0.0 0.4 0.56 0.47 6 20 -483 105 43 4 4 1 3 1 11
not_master	208 24.12 0 1013 0 0 0.5 0.52 0.57 10 24 -344 441 42 2 4 2 4 1 10
not_master	1000 -41 1164 0 0.0 0.4 0.56 0.57 5 21 -77 1706 37 4 4 8 11 1 13
not_master	100 0 -325 1032 0.0 0.0 0.4 0.48 0.46 3 17 -1706 0 37 4 4 1 4 0 0
not_master	2273.35 -56 242 0.0 0 0.6 0.44 0.47 5 28 -68 389 60 4 4 3 7 1 17
not_master	227 0 -20 378 0 0 0.2 0.24 0.38 8 23 -516 51 60 2 2 1 7 1 22
not_master	1451.63 -40 302 0 0.0 0.1 0.28 0.43 4 27 -385 290 63 2 4 2 10 1 13
not_master	145 0 -5 1004 0 0 0.2 0.16 0.42 3 26 -1162 335 62 4 4 2 5 1 12
master	437-0.06 -15 155 0 0 0.4 0.44 0.47 3 17 -66 225 36 4 4 2 3 1 27
master	437 0 -24 246 0.0 0 0.7 0.6 0.6 4 21 -267 26 35 4 4 0 1 1 10
not_master	5630 0 152 0 0.0 0.2 0.48 0.48 5 21 -72 739 44 4 4 0 3 1 9
not_master	563 0.16 -72 136 0 0 0.2 0.24 0.32 4 14 -753 2 44 4 4 0 4 1 8
not_master	5104.3 -1 296 0 0.0 0.4 0.48 0.44 3 12 -895 513 27 4 4 3 9 0 0
not_master	510 17.15 -189 446 0 0.0 0.4 0.64 0.65 10 17 -355 678 26 4 0 2 5 0 0
not_master	592-1.41 -116 447 0 0 0.6 0.6 0.46 3 19 -410 156 41 4 4 3 7 1 19
master	592 0 -2 240 0 0 0.3 0.28 0.42 4 17 -167 327 40 2 3 7 13 1 10
master	3150 -16 216 0.0 0 0.6 0.52 0.49 3 21 -106 595 43 4 4 0 3 1 25
not_master	315 3.09 -31 216 0 0 0.3 0.4 0.33 2 14 -661 36 43 2 4 1 1 1 26
master	5420 -36 708 0.0 0.0 0.5 0.44 0.38 5 47 -266 623 123 4 4 10 13 1 21
master	542 0 -82 648 0 0.0 0.6 0.52 0.54 6 66 -717 68 123 4 4 5 15 1 20
not_master	1427.58 0 191 0 0 0.4 0 0.33 2 4 -29 91 12 4 2 0 0 0 0
master	142 0 -11 106 0 0 0.3 0 0.42 3 5 -173 0 12 2 2 1 0 0 0
not_master	3770.44 -41 584 0 0 0.3 0.36 0.46 3 24 -613 443 52 4 2 1 6 1 13
not_master	377 1.04 -302 511 0.0 0 0.3 0.2 0.37 6 19 -540 289 51 4 4 1 8 1 16
not_master	5713.14 -73 3761 0 0 0.2 0.4 0.45 5 26 -4798 195 58 4 4 10 4 1 21
not_master	571 85.77 -128 4889 0 0 0.3 0.4 0.46 6 26 -597 1042 57 2 4 1 3 1 10
not_master	1000.03 -129 143 0 0 0.0 0.24 0.33 2 13 -238 97 39 2 4 1 1 1 7
not_master	100 1.18 0 608 0 0 0.1 0.36 0.37 3 14 -425 216 38 4 4 1 2 1 10
master	4370.58 -49 146 0 0.0 0.4 0.52 0.65 7 39 -74 114 60 4 4 2 17 1 23
master	437 0 -71 292 0.0 0.0 0.4 0.48 0.65 15 39 -192 21 60 4 4 5 12 1 10
master	3421.24 0 111 0 0 0.5 0.36 0.48 4 16 -176 66 33 4 4 1 7 1 17
master	342 1.18 -1 262 0 0.0 0.5 0.52 0.48 3 16 -229 151 33 4 4 2 6 1 20
not_master	1000 -44 151 0.0 0.0 0.2 0.4 0.48 6 15 -178 41 31 4 4 0 6 1 25
not_master	100 0 -48 97 0 0 0.3 0.48 0.53 4 16 -77 45 30 4 4 1 3 1 20
master	4530.11 -454 695 0 0 0.0 0.2 0.44 4 27 -1011 211 61 4 4 3 14 1 23
master	453 0 -95 1065 0 0 0.4 0.36 0.47 6 28 -1034 846 60 4 4 4 11 1 12
not_master	1422.11 -57 55 0 0 0.4 0 0.28 2 5 14 144 18 4 4 0 1 1 17
not_master	142 0 0 152 0 0 0.5 0 0.47 4 8 -185 0 17 2 4 0 1 1 16
master	57611.5 0 584 0 0 0.4 0 0.44 2 7 -203 381 16 4 4 0 0 1 21
not_master	576 6.38 -1 124 0.0 0 0.5 0 0.38 3 6 -424 0 16 2 4 0 3 1 12
master	1773.15 -1 173 0.0 0 0.4 0.28 0.34 4 14 -379 97 41 4 4 0 7 1 19
master	177 0 0 460 0 0.0 0.3 0.6 0.68 10 27 -203 281 40 4 4 2 9 1 18
not_master	5997.44 -56 357 0 0 0.4 0.52 0.54 5 26 1 678 48 4 4 0 10 1 13
master	599 2.38 -17 148 0 0 0.5 0.4 0.42 3 20 -870 0 48 4 4 1 13 1 8
not_master	3490 -31 154 0 0 0.1 0.24 0.39 4 16 -31 785 41 4 4 1 13 1 9
not_master	349 0 -31 160 0.0 0 0.6 0.4 0.54 7 22 -861 9 41 4 4 3 9 1 10
master	5561.09 -85 498 0.0 0 0.2 0.4 0.4 6 22 -471 248 55 4 4 0 0 1 13
master	556 0 -15 128 0 0 0.7 0.68 0.62 6 34 -290 72 55 4 4 1 1 1 10
master	5710 -147 150 0.0 0 0.3 0.32 0.45 6 20 -147 556 44 4 2 3 9 0 0
mastermaster	5760.0 0 497 4.5 0 0.2 0 0.31 2 5 -198 279 16 4 4 0 0 1 21
not_master	576 9.44 0 151 0.0 0 0.4 0 0.38 3 6 -388 183 16 2 4 0 3 1 12
master	1772.39 -36 232 2.2 0.04 0.3 0.28 0.34 3 14 -385 77 41 4 4 0 7 1 19
master	177 0.47 -10 1016 1.5 0.0 0.4 0.56 0.6 7 24 -1022 221 40 4 4 2 9 1 18
not_master	5997.77 -1 373 0.6 0.0 0.4 0.44 0.46 3 22 17 566 48 4 4 0 10 1 13
master	599 3.38 -29 667 0.0 0.0 0.3 0.28 0.35 3 17 -1161 0 48 4 4 1 13 1 8
not_master	3490.0 -6 140 1.8 4.44 0.4 0.4 0.49 4 20 -60 1011 41 4 4 1 13 1 9
not_master	349 0.0 -11 156 1.5 -0.44 0.4 0.44 0.54 6 22 -1155 24 41 4 4 3 9 1 10
master	5560.02 0 388 0.0 15.52 0.5 0.48 0.45 5 25 -377 235 55 4 4 0 0 1 13
master	556 0.0 -2 458 0.0 0.0 0.5 0.6 0.55 6 30 -454 69 55 4 4 1 1 1 10
master	5710.0 0 159 0.0 0.0 0.4 0.44 0.52 3 23 -147 547 44 4 2 3 9 0 0
master	571 6.36 -16 280 0.0 0.0 0.4 0.36 0.41 4 18 -876 20 44 2 4 2 9 1 10
master	3540.0 -13 163 0.0 3.0 0.2 0.32 0.32 3 10 -69 95 31 4 3 0 2 1 11
master	354 0.0 -6 139 0.0 0.32 0.3 0.36 0.32 4 10 -168 18 31 4 4 0 2 1 16
master	1211.63 0 110 4.3 1.4 0.4 0.4 0.47 5 20 -137 92 43 4 4 0 7 1 15
master	121 0.72 -8 358 3.0 0.92 0.3 0.44 0.44 3 19 -369 89 43 2 3 0 2 1 14
master	2910.37 -17 391 8.8 1.8 0.3 0.24 0.33 3 15 -342 90 46 4 4 0 3 1 23
master	291 0.84 -32 250 2.3 0.32 0.3 0.24 0.42 5 19 -279 34 45 4 4 0 4 0 0
not_master	1420.0 -1 59 0.0 0 0.3 0 0.3 1 3 8 116 10 4 2 0 1 1 15
not_master	142 0.0 0 129 0 0 0 0 0.44 2 4 -183 0 9 2 4 0 0 1 12
not_master	2780.0 -2 608 4.3 0.0 0.2 0.44 0.46 7 21 -141 389 46 4 4 2 8 1 19
not_master	278 0.0 -72 321 12.1 0.0 0.4 0.48 0.48 3 22 -547 82 46 4 4 1 16 1 16
not_master	5710.0 -75 933 0.6 0.84 0.4 0.32 0.47 3 32 -975 164 68 4 4 4 30 1 17
master	571 0.0 -3 148 9.2 2.52 0.2 0.4 0.41 5 28 -218 56 68 2 4 1 25 1 10
master	2460.0 -1 92 0.0 0.0 0.7 0.68 0.7 10 28 -118 110 40 4 4 0 2 1 17
master	246 0.35 -14 107 0.0 -0.56 0.6 0.68 0.65 6 26 -166 164 40 4 4 1 1 1 22
not_master	100-0.17 -5 98 0.0 0.0 0.4 0.4 0.4 4 12 -100 144 30 2 4 1 0 1 21
master	100 0.0 -47 106 -4.7 0.0 0.5 0.6 0.59 4 17 -133 31 29 4 4 1 5 1 22
master	5740.5 0 148 4.0 5.0 0.2 0.28 0.31 3 10 -56 112 32 4 2 0 4 1 27
master	574 1.78 0 87 3.1 3.48 0.2 0.16 0.25 2 8 -166 0 32 2 0 1 3 1 10
not_master	1000.0 -162 310 9.0 2.04 0.3 0.36 0.49 7 23 -439 77 47 4 4 1 1 1 37
master	100 0.0 -61 393 2.5 4.88 0.2 0.36 0.46 4 21 -370 441 46 2 2 1 3 0 0
not_master	1420.69 0 299 0.0 0.0 0.4 0.32 0.45 4 19 -570 81 42 4 4 0 1 1 31
not_master	142 3.12 0 128 5.4 0.6 0.3 0.48 0.41 7 17 -170 380 41 2 4 3 5 1 26
not_master	5920.0 -90 156 7.2 0.6 0.5 0.68 0.65 7 30 -50 5047 46 4 4 3 1 1 31
not_master	592 0.0 -8 3931 4.2 0.0 0.3 0.48 0.52 6 24 -5035 11 46 4 4 1 3 1 8
not_master	1420.0 -33 128 -1.4 0.0 0.4 0.32 0.48 7 24 -274 148 50 4 4 0 0 1 13
not_master	142 0.0 -92 161 3.7 0.16 0.3 0.36 0.46 5 23 -235 241 50 2 4 3 2 1 16
master	4380.73 0 78 0.0 0.6 0.3 0.28 0.27 2 7 -72 56 26 4 4 4 3 0 0
master	438 0.0 0 72 0.0 0.0 0.6 0.56 0.58 4 15 -98 8 26 4 4 1 2 0 0
master	10064.72 -54 4854 0.0 0.0 0.5 0.52 0.56 8 42 -41 637 75 2 2 7 2 0 0
not_master	100 0.0 -17 228 1.5 1.48 0.3 0.44 0.49 4 37 -5106 46 75 2 1 10 5 1 40
not_master	10065.4 0 327 0 0 0 0 0.2 1 1 -250 20 5 4 4 0 0 0 0
not_master	100 9.5 0 44 0 0 0 0 0.25 1 1 -82 1 4 2  0 0 0 0
master	1490.0 -6 228 2.3 0.0 0.2 0.48 0.57 8 34 -226 283 60 4 4 2 1 1 9
master	149 0.0 -3 231 6.7 0.0 0.7 0.6 0.6 6 36 -281 72 60 4 4 1 2 1 10
master	1001.57 -31 47 -3.1 0.28 0.2 0.32 0.27 2 8 -29 78 30 4 4 2 3 1 17
master	100 2.83 -6 100 7.1 0.64 0.5 0.4 0.43 3 13 -127 22 30 4 4 0 2 1 22
not_master	5712.85 -6 411 4.0 1.04 0.3 0.36 0.33 2 9 -248 143 27 4 4 0 1 1 41
master	571 0.0 -24 200 0.0 4.04 0.0 0.24 0.27 2 7 -176 84 26 2 2 0 0 1 10
not_master	1420.0 -18 217 3.8 0.0 0.4 0.24 0.45 12 30 -146 391 66 4 2 2 8 0 0
not_master	142 0.0 0 409 0.0 0.0 0.3 0.28 0.51 6 33 -621 104 65 2 4 8 4 1 20
master	1420.16 -16 636 0.0 1.72 0.5 0.48 0.54 8 60 -782 172 111 4 4 15 8 1 29
not_master	142 0.0 -73 4562 8.8 3.4 0.0 0.28 0.53 9 58 -4610 266 110 2 4 9 5 1 12
not_master	1000.0 -15 297 0.0 0.0 0.8 0.56 0.51 7 18 -388 76 35 4 2 0 0 1 9
master	100 0.0 -57 234 5.4 0.32 0.6 0.52 0.51 4 18 -162 135 35 4 3 0 1 1 20
master	5910.84 -161 107 0.0 0.0 0.5 0.4 0.43 8 32 -1358 147 75 4 4 4 3 1 13
master	591 0.0 -11 230 1.9 -0.44 0.3 0.28 0.46 6 34 -202 1271 74 2 4 7 1 1 10
master	1340.0 0 179 0.7 4.68 0.5 0.44 0.53 5 19 -122 221 36 4 4 0 4 0 0
master	134 0.0 -71 184 0.0 0.16 0.5 0.56 0.56 6 20 -220 67 36 4 4 2 7 1 36
not_master	1420.51 0 169 1.0 0.0 0.4 0.48 0.53 5 23 -75 454 43 4 1 5 8 1 19
master	142 9.53 -59 410 0.0 0.48 0.4 0.4 0.4 3 17 -857 10 43 2 4 0 5 0 0
master	4370.08 -1 130 0.0 2.12 0.5 0.48 0.27 4 18 -72 64 66 4 4 0 16 1 23
master	437 0.0 0 1068 2.6 0.56 0.4 0.32 0.33 2 22 -1118 2 66 4 4 1 18 1 10
master	10024.26 -45 1185 0.0 0.0 0.6 0.4 0.35 3 11 -1020 68 31 4 4 0 2 1 15
not_master	100 0.0 -79 1147 2.5 0.0 0.3 0.48 0.52 7 16 -1581 281 31 1 1 1 9 1 18
not_master	1000.0 -108 172 -0.3 0.28 0.4 0.4 0.54 12 36 -240 37 67 4 2 1 2 1 21
master	100 0.0 -15 258 3.4 0.0 0.0 0.32 0.5 8 33 -379 426 66 4 4 9 1 1 24
not_master	3010.0 -9 109 0.0 0.0 0.6 0.52 0.62 9 21 -13 239 34 4 2 0 2 1 11
not_master	301 3.0 -4 314 2.7 1.28 0.4 0.32 0.41 6 14 -404 0 34 4 4 1 4 1 18
not_master	2060.0 -18 335 2.7 1.72 0.4 0.48 0.49 3 26 -345 597 53 2 4 3 5 1 15
not_master	206 -0.11 -7 291 4.0 -0.08 0.4 0.4 0.36 3 19 -557 119 53 2 4 1 2 1 10
not_master	2050.0 0 523 4.5 2.36 0.6 0.48 0.49 4 21 -465 179 43 4 2 2 9 1 11
not_master	205 0.0 0 156 15.6 2.12 0.5 0.48 0.56 4 24 -224 38 43 4 2 2 6 0 0
not_master	2430.0 0 237 0.7 0 0.3 0 0.43 5 10 -183 414 23 4 4 2 3 1 13
not_master	243 0.0 0 409 7.6 0 0.2 0 0.35 2 8 -545 0 23 4 4 0 6 1 32
master	4370.0 -33 49 0.0 1.04 0.3 0.44 0.53 5 21 -108 54 40 4 4 1 2 1 19
master	437 0.0 -9 140 1.6 0.84 0.2 0.28 0.36 3 14 -102 107 39 4 4 1 3 1 10
master	1000.0 0 73 0.2 0 0.3 0 0.36 3 8 -66 97 22 4 4 0 4 1 27
not_master	100 3.59 -11 95 0.0 0 0.2 0 0.36 2 8 -198 40 22 4 4 0 0 1 18
master	3820.0 -87 351 0.6 0.0 0.5 0.36 0.56 8 34 -417 139 61 4 2 8 3 1 9
master	382 0.0 -16 294 4.0 0.0 0.4 0.4 0.5 5 30 -207 351 60 4 4 1 3 0 0
master	2051.18 -104 180 0.0 0.28 0.4 0.52 0.5 4 20 -115 138 40 4 4 1 1 1 11
master	205 0.0 0 151 14.5 0.0 0.3 0.52 0.56 8 22 -197 127 39 4 2 2 2 1 18
master	2990.0 -6 124 7.1 1.32 0.5 0.48 0.58 4 25 -122 120 43 4 4 2 9 1 17
master	299 0.0 -148 321 6.3 0.0 0.2 0.36 0.43 4 18 -326 95 42 4 4 6 9 1 24
not_master	1000.0 0 740 0.0 0 0.2 0 0.24 2 5 -751 33 21 4 4 0 2 1 23
not_master	100 0.0 -4 52 0.0 0 0.4 0 0.6 6 12 -51 8 20 4 4 0 1 1 22
not_master	3070.0 -133 61 0.0 0.0 0.5 0.48 0.52 5 29 -388 74 56 4 4 0 5 1 13
not_master	307 4.2 0 231 12.7 0.0 0.5 0.56 0.53 5 29 -137 196 55 1 1 1 5 1 24
master	3420.0 -33 394 5.8 2.12 0.4 0.32 0.48 4 25 -231 5373 52 4 4 4 13 1 13
master	342 -104.79 -5449 483 0.0 0.68 0.4 0.32 0.48 5 25 -1291 78 52 4 4 3 7 1 20
master	2110.0 -88 1160 0.0 0.0 0.4 0.44 0.53 7 21 -1012 212 40 4 4 4 10 1 23
not_master	211 0.2 -101 354 0.5 0.0 0.5 0.28 0.4 5 16 -419 55 40 4 4 2 6 1 24
ster	161-0.08 -20 517 0.0 0 0.5 0.4 0.38 3 19 -27 564 50 4 4 0 10 1 25
not_master	161 0 0 369 0.0 0 0.1 0.32 0.28 2 14 -581 0 50 4 4 1 6 1 18
master	1000 -1185 685 0 0 0.4 0.24 0.44 6 27 -1266 135 62 4 4 9 9 1 15
not_master	100 11.8 -126 1400 0 0 0.3 0.4 0.51 6 31 -368 1603 61 2 4 5 8 1 18
master	5471.82 -62 189 0.0 0 0.4 0.36 0.44 4 17 -146 201 39 4 4 6 2 1 19
master	547 0.13 -66 208 0 0 0.1 0.32 0.37 4 14 -306 18 38 4 4 0 3 1 8
not_master	228-0.02 -126 384 0 0.0 0.2 0.28 0.39 6 17 -431 95 44 4 4 4 2 0 0
not_master	228 4.56 -50 205 0 0.0 0.3 0.36 0.47 8 20 -239 294 43 4 4 0 3 0 0
not_master	35010.08 -8 691 0 0 0.1 0.32 0.28 3 11 -1780 89 39 4 4 0 6 1 7
not_master	350 18.39 0 699 0 0.0 0.5 0.36 0.42 5 16 -98 1154 38 4 4 1 3 1 10
master	4371.63 -22 1138 0.0 0 0.2 0.4 0.49 4 20 -1092 227 41 4 4 1 4 1 39
master	437 8.95 -9 367 0.0 0 0.6 0.56 0.51 5 21 -371 41 41 4 4 0 5 1 10
not_master	1429.19 0 377 0 0.0 0.2 0.48 0.44 3 14 -37 783 32 4 4 1 4 1 35
not_master	142 0.72 -50 618 0 0.0 0.3 0.52 0.56 3 18 -877 21 32 2 1 0 6 1 12
master	1490.37 -8 236 0.0 0.0 0.2 0.36 0.42 3 18 -184 100 43 4 4 0 2 1 15
master	149 0.74 0 173 0 0 0.2 0.36 0.45 4 19 -203 25 42 4 1 0 3 1 8
not_master	2900 -75 293 0 0 0.4 0.44 0.5 4 20 -170 473 40 4 4 2 7 1 21
not_master	290 -5.03 -504 134 0.0 0 0.4 0.44 0.45 3 18 -414 53 40 4 4 0 5 1 16
master	4410 -12 261 0 0 0.3 0.44 0.45 3 13 -206 82 29 4 4 2 5 1 31
master	441 1.61 -12 91 0 0.0 0.4 0.56 0.54 5 15 -87 31 28 4 4 2 4 1 26
not_master	1421.4 -168 350 0.0 0 0.2 0.4 0.43 5 18 -778 87 42 4 4 0 8 1 37
not_master	142 0 -39 847 0 0 0.2 0.32 0.46 4 19 -469 402 41 2 4 6 10 1 14
master	3801.0 -8 519 0 0.0 0.3 0.32 0.42 5 19 -361 410 45 4 2 5 8 1 9
master	380 1.29 -46 219 0 0.0 0.5 0.52 0.53 9 24 -423 47 45 4 4 2 10 1 30
not_master	30916.18 -46 356 0 0 0.5 0 0.64 9 14 -15 812 22 4 4 5 3 1 13
not_master	309 0 -94 147 0 0 0.4 0 0.41 3 9 -822 0 22 4 4 0 4 0 0
not_master	4190 0 270 0 0 0.4 0 0.33 3 8 -237 1679 24 4 4 0 6 1 15
not_master	419 0 -255 321 0 0 0.4 0 0.38 2 9 -650 228 24 4 4 0 5 1 18
master	35320.26 -85 547 0 0.0 0.5 0.52 0.52 5 14 -587 134 27 4 2 1 0 1 21
master	353 27.31 -41 760 0 0 0.2 0.32 0.31 3 8 -790 269 26 4 4 1 2 1 20
master	134-1.41 -58 148 0 0.0 0.4 0.4 0.39 4 16 -112 83 41 4 4 1 7 1 15
master	134 0 0 176 0 0.0 0.2 0.24 0.4 5 16 -132 25 40 4 4 0 2 1 14
not_master	1000 0 120 0.0 0.0 0.3 0.4 0.43 3 13 -167 104 30 2 4 0 2 1 21
not_master	100 0 -24 53 0 0 0.6 0.44 0.47 3 14 -103 108 30 4 2 0 3 1 16
not_master	2130.08 -25 63 0.0 0.0 0.6 0.64 0.55 5 21 -46 137 38 2 2 1 1 1 17
master	213 0.05 -21 169 0 0.0 0.4 0.52 0.55 5 21 -179 58 38 4 1 1 5 1 30
master	2693.09 -90 569 0 0 0.2 0.24 0.32 3 15 -554 235 47 4 4 1 8 1 15
master	269 0 -129 557 0 0 0.4 0.32 0.43 7 20 -694 3 46 4 4 0 9 0 0
master	4770.15 -14 118 0 0 0.4 0 0.5 2 10 -78 70 20 4 4 0 4 1 9
master	477 0 0 146 0 0 0.5 0 0.58 4 11 -164 26 19 2 4 0 4 1 10
master	4374.06 -313 199 0.0 0.0 0.4 0.52 0.53 5 18 -859 106 34 4 4 2 5 1 19
master	437 0 0 546 0 0.0 0.4 0.68 0.64 9 21 -484 732 33 4 4 3 6 1 10
not_master	1000 -20 314 0.0 0 0.5 0 0.38 3 9 -376 66 24 4 4 0 4 1 21
master	100 3.26 -43 320 0.0 0 0.4 0 0.39 3 9 -119 76 23 4 4 0 2 1 34
not_master	59820.6 -6 1382 0 0.0 0.5 0.44 0.47 5 20 -12 1199 43 4 4 6 8 1 13
not_master	598 0 -27 828 0.0 0 0.3 0.32 0.43 4 18 -1300 20 42 2 4 3 3 1 10
not_master	5480.15 -65 163 0.0 0.0 0.1 0.28 0.39 5 18 -509 93 46 4 4 0 3 1 23
master	548 2.36 -71 977 0.0 0.0 0.6 0.6 0.58 7 26 -893 487 45 4 3 3 5 1 8
master	1690.71 -10 110 0.0 0.0 0.7 0.64 0.65 4 22 -63 116 34 4 4 0 1 1 23
not_master	169 0.09 -7 551 0 0 0.3 0.44 0.45 6 15 -573 14 33 4 3 1 2 1 8
not_master	14311.29 -99 271 0 0 0.3 0 0.38 2 9 -907 106 24 4 4 2 5 1 23
not_master	143 0 -25 243 0 0 0.2 0 0.48 5 11 -233 661 23 4 4 0 4 1 22
not_master	1400 -22 274 0.0 0.0 0.4 0.48 0.57 7 21 -31 470 37 4 4 0 6 1 23
not_master	140 2.51 -16 312 0.0 0.0 0.5 0.4 0.41 3 15 -516 70 37 4 2 0 5 1 50
not_master	59524.41 -3 1196 0.0 0.0 0.6 0.48 0.49 4 24 -48 904 49 4 4 3 3 1 13
not_master	595 0 -37 116 0 0 0.6 0.44 0.47 3 23 -1174 0 49 2 4 1 2 1 10
not_master	1420 -18 79 0 0 0.4 0 0.41 2 7 20 172 17 4 4 1 1 1 23
not_master	142 0 0 129 0 0 0.3 0 0.35 2 6 -288 0 17 2 4 0 0 0 0
not_master	1009.44 0 480 0 0 0.6 0.44 0.44 4 11 -151 190 25 4 4 2 6 1 25
master	100 0 -198 138 0 0.0 0.3 0.56 0.56 7 14 -566 0 25 4 4 0 1 0 0
master	3820.36 -59 131 0 0 0.4 0.56 0.54 9 15 -116 52 28 4 2 0 5 1 9
master	382 0 0 339 0.0 0 0.5 0.52 0.54 5 15 -367 45 28 4 4 1 2 1 20
master	4850.69 -25 135 0.0 0.0 0.6 0.44 0.41 5 12 -299 130 29 4 2 0 1 0 0
master	485 0 -7 197 0 0 0.3 0.44 0.5 5 14 -140 268 28 4 4 0 0 1 16
not_master	4200 -46 248 0 0.0 0.2 0.52 0.54 7 19 -218 60 35 1 1 1 5 1 35
not_master	420 0.2 0 147 0.0 0.0 0.3 0.4 0.51 12 18 -83 132 35 4 1 4 4 1 34
master	4590 0 799 0 0.0 0.4 0.52 0.47 3 19 -819 513 40 4 4 0 6 1 31
master	459 5.12 0 258 0.0 0.0 0.5 0.36 0.33 3 13 -827 32 40 4 4 0 9 1 10
not_master	1450 -24 794 0 0.0 0.2 0.4 0.48 5 22 -74 471 46 2 2 5 6 1 33
not_master	145 0 -79 123 0 0 0.1 0.36 0.43 7 20 -650 21 46 4 4 0 5 0 0
master	100-0.73 -22 73 0 0.0 0.2 0.36 0.37 2 11 -119 61 30 4 4 0 1 1 13
master	100 0 0 106 0 0 0.1 0.4 0.43 7 13 -126 83 30 4 4 1 0 1 10
master	5170 -169 362 0.0 0 0.6 0.56 0.65 7 30 -454 44 46 4 4 2 6 1 11
master	517 0 0 196 0.0 0 0.5 0.48 0.54 8 25 -92 222 46 4 2 3 9 1 12
not_master	1000 -16 174 0 0 0.5 0.44 0.58 10 25 -97 347 43 4 4 1 0 1 13
not_master	100 0.23 -10 373 0.0 0 0.7 0.6 0.56 5 24 -431 0 43 1 1 1 3 1 24
not_master	2480 -120 691 0 0 0.4 0.32 0.44 6 25 -766 103 57 4 4 4 10 1 15
not_master	248 0.45 -17 1038 0 0 0.2 0.44 0.55 7 31 -1066 481 56 4 4 2 4 1 40
not_master	5196.91 -28 617 0 0 0.2 0.2 0.33 5 15 -964 43 46 4 4 2 12 1 11
not_master	519 0 0 189 0.0 0 0.5 0.32 0.44 7 20 -112 593 45 4 2 3 8 1 12
master	2880.02 -16 104 0 0.0 0.2 0.4 0.48 4 21 -123 63 44 4 4 0 7 1 17
master	288 0 -4 102 0.0 0.0 0.4 0.56 0.57 6 25 -130 331 44 4 4 1 3 1 16
master	4351.04 -11 374 0 0 0.6 0.4 0.36 3 10 -163 310 28 4 2 0 2 1 17
not_master	435 2.61 -33 582 0.0 0 0.4 0.48 0.5 3 14 -894 8 28 4 4 0 4 1 12
not_master	1000 0 1178 0 0 0.3 0.56 0.57 6 25 -23 2080 44 4 4 1 2 1 19
not_master	100 0.05 -1 509 0.0 0 0.4 0.36 0.34 4 15 -2331 0 44 4 4 1 2 1 34
not_master	1420 -48 202 0 0.0 0.2 0.44 0.59 7 37 0 5728 63 4 4 8 6 1 21
not_master	142 0 -88 525 0 0 0.3 0.36 0.46 5 29 -5716 0 63 2 4 5 4 1 22
not_master	3070 -672 76 0 0 0.6 0.44 0.45 4 17 -648 76 38 4 4 0 8 1 13
not_master	307 0 0 144 0 0.0 0.7 0.64 0.7 8 26 -118 697 37 1 1 3 6 1 24
not_master	31014.22 0 327 0.0 0 0.4 0 0.52 3 12 -160 295 23 4 4 3 5 1 13
not_master	310 5.57 0 213 0 0 0.4 0 0.39 3 9 -537 0 23 4 4 0 4 1 22
master	5061.79 -9 101 0 0 0.3 0.36 0.38 3 15 -86 123 39 2 1 1 9 1 11
master	506 3.38 -6 948 0 0 0.5 0.4 0.44 4 17 -963 47 39 4 2 1 6 1 10
not_master	5600 -472 385 0 0 0.2 0.4 0.48 5 34 -472 135 71 4 1 4 24 0 0
not_master	560 0.51 -29 465 0 0.0 0.2 0.28 0.4 3 28 -310 1000 70 4 4 7 9 1 8
master	1002.0 0 217 0 0 0.2 0 0.21 1 3 -3 100 14 4 4 0 0 1 13
master	100 0 0 83 0 0 0.1 0 0.36 4 5 -153 0 14 4 4 0 0 1 8
not_master	3780 0 246 0 0.0 0.7 0.6 0.58 9 31 -79 967 53 4 2 0 0 1 9
not_master	378 0 -16 155 0 0 0.3 0.36 0.38 2 20 -1053 2 53 4 4 4 1 1 16
not_master	4850 -121 359 0.0 0 0.3 0.36 0.48 7 22 -750 77 46 4 4 3 2 1 25
not_master	485 5.89 -15 467 0.0 0 0.7 0.52 0.51 6 23 -351 683 45 4 4 4 4 1 16
not_master	4010 -23 110 0 0 0.5 0.52 0.47 4 18 -132 103 38 4 4 2 7 1 35
not_master	401 0.63 -48 290 0 0.0 0.4 0.52 0.45 5 17 -268 101 38 4 4 2 10 1 16
not_master	43711.53 -5 461 0.0 0 0.3 0.4 0.45 2 18 -47 759 40 4 4 2 6 1 19
not_master	437 0 0 238 0 0 0.1 0.32 0.3 2 12 -779 14 40 4 4 0 6 1 10
master	3830.13 -43 118 0 0.0 0.3 0.4 0.42 3 19 -250 75 45 4 2 2 4 1 9
master	383 0 0 110 0 0.0 0.3 0.44 0.41 3 18 -93 102 44 4 4 0 3 1 22
not_master	581-0.65 -59 375 0.0 0 0.4 0.48 0.46 4 12 -294 169 26 4 0 0 5 1 17
not_master	581 1.2 0 133 0.0 0 0.3 0.48 0.48 6 12 -178 39 25 2 4 0 1 1 10
master	4370.07 -48 66 0.0 0.0 0.4 0.56 0.57 7 17 -53 97 30 4 4 1 0 1 23
master	437 0.97 0 134 0 0.0 0.4 0.64 0.66 12 19 -163 46 29 4 4 2 1 1 10
master	5730 -17 168 0 0 0.1 0.2 0.31 3 10 8 233 32 4 2 0 5 1 19
master	573 2.41 0 1017 0 0 0.2 0.24 0.22 1 7 -1167 0 32 2 4 1 5 1 10
not_master	1000 -179 146 0.0 0 0.5 0 0.39 3 9 -958 103 23 4 4 0 4 1 21
not_master	100 19.09 0 1528 0 0 0.6 0 0.59 3 13 -332 506 22 4 4 1 2 1 20
master	384-1.55 -369 201 0.0 0 0.6 0.4 0.34 2 13 -369 66 38 4 2 0 2 1 9
master	384 0 0 179 0 0 0.3 0.44 0.41 3 15 -146 110 37 4 4 0 6 1 16
master	4530 -31 169 0.0 0 0.4 0 0.39 3 9 -155 47 23 4 4 0 2 0 0
master	453 0 -58 56 0 0 0.7 0 0.68 4 15 -37 37 22 4 4 1 0 1 12
master	1003.4 -15 991 0 0.0 0.4 0.36 0.46 5 29 -995 108 63 4 4 5 3 1 19
not_master	100 0 -142 179 0 0 0.3 0.32 0.54 11 34 -120 250 63 4 4 5 3 1 10
master	4370 -43 133 0 0 0.4 0.28 0.52 9 22 -145 693 42 4 4 6 10 1 29
master	437 0 -426 258 0 0 0.5 0.4 0.5 5 21 -712 48 42 4 4 0 3 0 0
not_master	1420.15 -4 94 0 0 0.2 0.36 0.4 3 19 -246 197 48 4 2 0 6 1 29
not_master	142 0.02 -40 728 0.0 0 0.4 0.32 0.4 6 19 -827 248 48 2 4 2 4 1 36
not_master	2409.34 -19 327 0 0 0.2 0.28 0.23 2 8 -543 71 35 4 2 0 3 1 15
not_master	240 0 0 143 0 0.0 0.2 0.44 0.53 6 18 -150 223 34 4 4 2 2 1 12
not_master	1420 0 111 0 0 0.3 0.36 0.41 3 11 -423 118 27 4 2 0 1 1 23
not_master	142 -3.42 -89 520 0.0 0 0.2 0.32 0.35 2 9 -188 404 26 2 4 0 1 1 20
master	4140.4 0 44 0 0 0.3 0.32 0.33 3 10 -64 27 30 4 4 1 4 1 21
master	414 0.76 0 48 0.0 0 0.5 0.36 0.34 2 10 -40 28 29 4 4 2 4 1 20
not_master	2490.4 0 128 0 0 0.5 0.6 0.63 7 22 -22 210 35 4 4 2 2 1 29
not_master	249 0 -1 130 0 0.0 0.3 0.48 0.53 6 18 -216 12 34 4 4 0 2 1 34
not_master	1110 0 326 0.0 0.0 0.3 0.52 0.52 4 13 -281 578 25 4 4 0 3 1 9
not_master	111 0.72 -302 230 0 0 0.6 0.48 0.48 5 12 -585 115 25 4 4 2 2 1 20
not_master	1520 0 233 0 0 0.3 0.28 0.3 2 10 -55 487 33 2 4 0 6 1 23
not_master	152 0.12 0 333 0 0 0.4 0.32 0.33 3 11 -487 3 33 4 4 1 8 1 28
not_master	10017.16 -73 652 0 0.0 0.2 0.4 0.42 3 16 -942 42 38 2 2 0 3 1 15
not_master	100 15.89 0 1185 0 0 0.3 0.28 0.35 3 13 -1039 295 37 4 4 2 3 1 12
master	436-0.01 -103 247 0.0 0 0.2 0.2 0.41 10 29 -175 335 70 4 2 7 3 1 19
master	436 0.26 -10 154 0 0 0.4 0.4 0.46 8 32 -338 75 70 4 4 1 1 1 12
not_master	5700 0 467 0 0.0 0.3 0.44 0.48 3 15 -19 1676 31 4 4 0 2 0 0
not_master	570 0.03 -123 636 0.0 0 0.3 0.28 0.23 2 7 -1735 0 31 2 4 1 4 1 10
not_master	5810 0 68 0.0 0 0.5 0 0.55 3 12 -18 112 22 4 2 0 1 1 19
not_master	581 0.73 0 73 0.0 0 0.6 0 0.68 4 15 -197 45 22 2 4 0 3 1 10
master	1299.97 -14 757 0 0.0 0.4 0.36 0.33 3 13 -950 60 40 4 4 1 11 1 19
master	129 2.48 -26 172 0 0.0 0.6 0.52 0.53 7 21 -154 206 40 4 4 1 5 1 20
not_master	3900 -52 373 0 0.0 0.3 0.32 0.57 7 39 -160 5093 69 4 2 6 3 1 9
not_master	390 0.13 -2 279 0.0 0.0 0.2 0.32 0.46 4 32 -5102 110 69 4 4 2 2 1 14
master	2900 -72 205 0 0 0.2 0.32 0.38 4 12 -95 195 32 4 4 0 3 1 31
master	290 0.03 -110 497 0 0.0 0.4 0.48 0.5 5 16 -524 86 32 4 4 1 5 1 30
master	4370 -8 294 0 0 0.3 0 0.5 4 12 -28 44 24 4 4 0 1 1 17
master	437 0 -11 287 0.0 0 0.7 0 0.48 4 11 -317 0 23 4 4 0 1 1 10
not_master	56112.1 -29 5040 0 0.0 0.5 0.52 0.36 7 22 -152 5127 61 4 4 7 1 1 29
not_master	561 0 -12 496 0 0 0.3 0.28 0.46 5 28 -12833 103 61 4 4 1 1 1 10
not_master	1000.44 -30 127 0 0 0.2 0.32 0.29 3 14 -63 89 48 4 4 0 8 1 31
master	100 0 0 93 0 0 0.3 0.32 0.29 2 14 -117 37 48 4 4 0 2 1 10
not_master	1000.42 -3 145 0 0.0 0.6 0.48 0.47 6 17 -521 99 36 4 4 0 4 1 21
not_master	100 0 -5 263 0 0 0.6 0.44 0.51 4 18 -199 423 35 4 4 0 0 1 20
not_master	5320.11 -63 98 0 0 0.3 0.48 0.55 9 59 -4153 62 108 4 1 3 3 0 0
not_master	532 0 -2 4145 0 0.0 0.3 0.36 0.43 5 46 -83 4149 107 4 2 9 0 1 8
not_master	3880.3 -183 175 0 0 0.4 0.32 0.41 6 19 -1049 36 46 4 2 1 3 1 9
not_master	388 15.44 -11 695 0.0 0 0.3 0.36 0.4 3 18 -65 604 45 4 4 2 2 1 22
master	1000 -6 449 0 0.0 0.3 0.44 0.45 4 33 -79 144 74 4 4 3 6 1 13
not_master	100 0 0 316 0.0 0 0.3 0.32 0.42 12 31 -407 36 73 1 4 5 2 1 28
not_master	40513.85 -39 374 0 0 0.2 0.32 0.3 2 8 -1164 72 27 4 4 0 1 1 15
master	405 0 0 212 0 0.0 0.2 0.32 0.35 2 9 -70 814 26 4 4 2 4 1 18
not_master	5600 -122 264 0.0 0.0 0.5 0.6 0.48 4 22 -1579 120 46 4 4 0 1 0 0
master	560 0 0 777 0 0 0.3 0.48 0.47 4 21 -160 1445 45 4 4 3 3 1 8
not_master	2011.03 -59 620 0.0 0 0.7 0.4 0.44 4 27 -650 93 62 4 2 4 0 1 11
master	201 2.48 -6 151 0 0.0 0.3 0.52 0.59 6 36 -176 187 61 4 2 0 2 1 18
master	1420 0 556 0.0 0 0.4 0 0.38 2 6 4 409 16 4 4 0 1 0 0
not_master	142 0.88 0 186 0 0 0.1 0 0.19 1 3 -522 0 16 2 3 0 1 1 16
master	4170 -56 421 0.0 0 0.3 0.48 0.51 6 30 -99 1265 59 4 4 0 0 1 19
not_master	417 0 -85 255 0 0 0.3 0.32 0.41 4 24 -1299 0 59 4 4 0 5 1 18
master	36514.06 -14 450 0.0 0 0.4 0.52 0.47 6 15 -371 1036 32 4 2 3 11 1 13
master	365 0 0 489 0.0 0 0.3 0.4 0.44 6 14 -862 54 32 4 4 1 8 0 0
master	3951.44 -5 483 0.0 0 0.5 0.6 0.64 6 35 -549 327 55 4 2 4 3 1 9
master	395 0 -14 509 0.0 0 0.6 0.52 0.55 10 30 -553 224 55 4 4 2 8 1 16
master	3500.19 -1 286 0 0.0 0.3 0.36 0.37 4 31 -192 212 83 4 3 1 13 1 7
master	350 9.06 -10 752 0 0.0 0.3 0.48 0.49 4 41 -835 13 83 4 4 4 8 1 10
master	4530 -27 164 0 0.0 0.3 0.36 0.39 3 17 -155 94 44 4 4 2 3 1 35
master	453 0.3 -1 669 0.0 0.0 0.5 0.48 0.41 3 18 -744 25 44 2 4 0 4 1 12
master	100-0.32 -21 3948 0.0 0.0 0.4 0.32 0.51 7 33 -4134 251 65 4 4 6 1 1 39
not_master	100 0 -128 81 0 0 0.5 0.36 0.58 11 37 -321 4133 64 4 1 3 2 0 0
not_master	1000 -121 140 0 0.0 0.3 0.28 0.46 4 36 -169 205 79 2 2 1 2 1 49
not_master	100 0 0 103 0.0 0.0 0.3 0.32 0.38 4 30 -158 99 78 2 4 0 4 1 32
not_master	31413.87 -40 1266 0 0.0 0.4 0.52 0.55 3 21 -249 1266 38 4 2 4 3 1 25
not_master	314 0 0 139 0 0.0 0.2 0.32 0.47 7 18 -1045 1 38 4 4 2 3 1 14
master	38031.15 -13 841 0 0.0 0.5 0.56 0.52 5 14 -456 281 27 4 2 0 2 1 9
master	380 1.81 -14 268 0 0.0 0.6 0.6 0.56 4 15 -764 28 27 4 4 1 3 0 0
master	1400 0 905 0 0 0.4 0.36 0.33 3 12 -879 479 36 4 4 0 6 1 25
not_master	140 0 -34 545 0.0 0.0 0.3 0.4 0.43 3 15 -646 66 35 2 2 2 4 1 22
not_master	1421.4 0 95 0 0 0.2 0.32 0.4 4 14 -46 150 35 4 4 0 2 1 35
not_master	142 1.53 0 115 0 0.0 0.2 0.48 0.47 5 16 -182 7 34 2 4 1 6 1 34
not_master	5830.42 -5 154 0 0.0 0.3 0.44 0.45 4 17 -539 107 38 4 4 0 9 1 23
not_master	583 6.19 0 284 0 0 0.3 0.4 0.41 4 15 -154 383 37 4 4 3 7 1 10
not_master	1040 -133 1325 0 0.0 0.1 0.4 0.47 10 22 -1311 119 47 4 4 3 17 1 27
not_master	104 0 -15 172 0 0.0 0.2 0.52 0.47 8 22 -218 125 47 1 1 1 5 1 14
not_master	1000 0 303 0.0 0 0.3 0.48 0.52 6 33 -205 217 64 4 4 1 4 1 21
not_master	100 0.79 -66 90 0 0.0 0.6 0.48 0.49 4 31 -160 0 63 4 4 2 7 1 16
master	11415.14 -24 560 0.0 0 0.2 0.32 0.35 3 13 -64 706 37 4 2 1 3 1 9
not_master	114 0 -7 216 0.0 0 0.4 0.44 0.41 4 15 -859 21 37 4 4 0 3 1 10
not_master	324-48.97 -1518 445 0 0.0 0.6 0.52 0.48 5 15 -1771 25 31 2 2 0 5 1 11
master	324 0 0 555 0 0 0.5 0.4 0.5 5 15 -566 1816 30 4 4 3 4 1 10
not_master	2310.66 -264 998 0 0 0.2 0.32 0.44 5 18 -1195 130 41 4 3 0 6 1 7
not_master	231 0 -116 220 0 0.0 0.5 0.52 0.55 4 22 -164 321 40 4 4 4 11 1 14
not_master	5700 -46 268 0 0.0 0.2 0.32 0.4 5 17 -49 175 43 4 4 0 4 1 15
not_master	570 0.19 0 458 0 0.0 0.3 0.4 0.42 4 18 -585 24 43 4 4 0 2 1 10
master	1001.8 0 257 0 0 0.6 0 0.73 5 11 -131 88 15 4 4 0 0 1 17
master	100 0.73 -45 132 0.0 0 0.4 0 0.47 3 7 -137 25 15 4 4 0 8 1 16
master	4581.33 0 125 0 0 0.4 0 0.44 3 8 -82 52 18 4 4 0 1 1 21
master	458 0 -36 138 0 0 0.1 0 0.29 2 5 -56 64 17 4 4 0 2 1 12
master	1000 0 120 0 0.0 0.5 0.48 0.57 7 17 -96 44 30 4 4 0 2 1 17
master	100 0 -8 62 0 0.0 0.6 0.52 0.6 6 18 -100 53 30 4 4 0 1 1 16
master	1003.0 0 139 0 0 0 0 0.33 3 3 -99 59 9 4 4 0 0 0 0
master	100 0 0 86 0 0 0 0 0.56 3 5 -119 0 9 4  0 0 0 0
not_master	2400 0 317 0.0 0 0.5 0.48 0.6 8 27 -63 1225 45 4 4 1 6 1 17
not_master	240 0 -23 187 0 0 0.4 0.4 0.47 5 21 -1278 66 45 4 4 1 9 1 14
not_master	1420 -107 987 0.0 0.0 0.4 0.56 0.56 6 18 -998 94 32 4 4 1 6 1 15
not_master	142 0 0 255 0 0.0 0.3 0.36 0.45 5 14 -277 328 31 2 4 1 3 1 14
not_master	5908.92 -21 481 0.0 0 0.5 0.48 0.52 6 27 -418 941 52 4 4 5 13 1 21
not_master	590 1.04 -184 582 0.0 0 0.4 0.44 0.48 5 25 -1899 24 52 2 3 2 6 1 12
master	3820 -28 777 0 0 0.4 0 0.44 3 8 -735 73 18 4 2 0 0 1 9
master	382 0 -6 96 0 0 0.6 0 0.56 6 10 -113 29 18 4 4 0 0 1 20
master	1370.56 0 138 0.0 0.0 0.2 0.36 0.44 9 20 -108 331 45 2 4 0 0 1 11
master	137 0.07 -72 512 0 0 0.1 0.32 0.29 2 13 -534 39 45 2 4 0 4 1 26
not_master	4040.21 -11 148 0.0 0.0 0.5 0.44 0.42 7 22 -656 56 52 4 2 3 6 1 13
master	404 2.1 -32 195 0 0 0.7 0.4 0.51 6 26 -90 620 51 4 4 1 4 1 18
not_master	3070 -5 261 0 0.0 0.5 0.52 0.47 5 21 -380 81 45 4 4 1 1 1 17
master	307 0 -16 217 0.0 0 0.5 0.52 0.45 8 20 -130 384 44 4 1 0 7 1 34
master	4370.5 -8 322 0 0 0.6 0.56 0.53 4 16 -231 85 30 4 4 0 4 1 27
master	437 0 0 128 0 0.0 0.4 0.52 0.52 6 15 -181 12 29 4 4 2 2 1 26
master	3080.17 -64 107 0 0.0 0.3 0.24 0.26 2 11 -94 131 42 4 2 3 1 1 27
master	308 0 -16 176 0 0.0 0.5 0.4 0.39 3 16 -132 57 41 2 4 2 2 1 26
master	4530 -488 356 0.0 0 0.3 0.36 0.4 5 17 -618 380 43 4 4 2 11 1 21
master	453 0 0 674 0.0 0 0.5 0.44 0.55 5 23 -486 595 42 2 4 1 10 1 12
master	505-1.29 -38 140 0.0 0 0.5 0 0.5 4 12 -137 27 24 4 4 1 5 1 31
master	505 3.29 -21 245 0.0 0 0.4 0 0.54 8 13 -224 103 24 4 4 0 4 1 10
master	1371.32 -47 189 0 0 0.3 0.36 0.4 7 21 -284 125 53 4 4 1 6 1 11
master	137 4.5 0 234 0 0 0.3 0.44 0.44 4 23 -167 262 52 2 4 0 8 1 16
master	4660 -36 890 0 0 0.4 0.44 0.47 4 26 -858 99 55 4 4 2 4 1 33
master	466 0 -30 344 0 0 0.5 0.52 0.54 8 29 -251 41 54 4 4 4 13 1 12
not_master	1420 0 245 0 0.0 0.2 0.36 0.52 9 27 -201 94 52 4 2 2 3 1 27
not_master	142 0.31 0 380 0 0 0.1 0.24 0.42 4 22 -185 135 52 2 4 1 1 1 30
not_master	1420 -148 149 0 0.0 0.3 0.4 0.4 2 10 -371 146 25 4 2 3 1 1 15
master	142 14.5 -11 348 0 0 0.2 0 0.46 6 11 -215 333 24 2 4 0 0 0 0
not_master	2960 0 228 0 0 0.4 0.36 0.31 2 10 -558 264 32 4 4 0 4 1 23
not_master	296 12.48 -6 395 0.0 0 0.3 0.4 0.39 3 12 -195 485 31 4 1 3 6 1 32
master	2440 -31 292 0 0 0.4 0.44 0.47 2 14 -45 412 30 4 4 0 3 1 19
master	244 0 -121 173 0 0 0.4 0.48 0.47 3 14 -433 33 30 4 4 0 0 1 18
master	251-0.77 -76 80 0 0.0 0.3 0.44 0.48 6 29 -89 69 61 4 2 3 3 1 17
master	251 0 0 144 0 0 0.5 0.56 0.54 7 33 -170 64 61 2 4 7 2 1 30
not_master	329-40.25 -1127 725 0 0 0.5 0.52 0.46 4 13 -1443 36 28 4 4 0 6 1 19
master	329 0 -89 321 0.0 0 0.7 0.6 0.63 5 17 -76 1099 27 4 4 1 3 1 22
master	458-0.45 -19 423 0.0 0 0.5 0.52 0.5 4 20 -340 56 40 4 4 0 2 1 21
master	458 0.55 -4 96 0.0 0 0.4 0.48 0.45 4 18 -139 35 40 2 4 0 6 1 12
master	3530.54 0 354 0.0 0 0.5 0.48 0.52 3 24 -283 122 46 4 2 6 3 1 17
master	353 0 -40 237 0 0 0.2 0.36 0.44 4 20 -214 31 45 4 4 1 4 1 10
not_master	1000.17 -19 497 0 0.0 0.5 0.52 0.45 6 43 -363 429 95 4 2 9 18 1 25
master	100 48.57 -11 4566 0 0 0.4 0.44 0.48 6 45 -4606 0 94 4 4 2 17 1 16
not_master	2415.22 -28 654 0.0 0 0.4 0.24 0.39 4 23 -210 410 59 4 4 4 3 1 23
not_master	241 1.71 -16 134 0 0 0.1 0.12 0.36 5 21 -451 2 59 4 4 4 4 1 24
not_master	4310 -11 144 0 0 0.7 0.52 0.55 7 22 -23 893 40 4 4 1 3 1 41
not_master	431 0.12 -22 89 0.0 0 0.8 0.52 0.47 6 19 -989 0 40 2 4 1 11 1 14
master	3800.19 -95 430 0 0.0 0.6 0.44 0.47 3 20 -372 90 43 4 2 1 0 1 9
master	380 0 -9 138 0 0 0.5 0.48 0.47 4 20 -92 354 43 4 4 1 2 0 0
master	4775.22 -7 170 0.0 0 0.4 0.32 0.3 2 8 -174 83 27 4 4 0 10 1 9
master	477 9.15 -44 269 0.0 0.0 0.7 0.6 0.59 3 16 -181 51 27 2 4 0 2 1 10
master	3503.62 -3 149 0 0 0.4 0.56 0.53 7 21 -135 369 40 4 3 2 8 1 7
master	350 -1.7 -68 297 0 0.0 0.3 0.4 0.4 3 16 -390 31 40 4 4 2 10 1 10
master	5210 -20 442 0.0 0 0.2 0.36 0.39 3 13 -350 1048 33 4 4 2 4 1 23
not_master	521 0.03 -35 353 0 0 0.2 0.36 0.39 3 13 -1124 134 33 4 4 1 1 1 24
not_master	2130 -88 81 0 0.0 0.2 0.36 0.45 6 24 -638 79 53 2 4 0 7 1 17
not_master	213 5.33 -8 277 0 0 0.3 0.36 0.52 5 27 -185 545 52 4 2 4 7 1 24
not_master	1420 -94 200 0 0 0.4 0.4 0.42 3 15 -171 702 36 4 4 0 4 1 37
not_master	142 0.22 -16 928 0 0.0 0.0 0.36 0.42 4 15 -903 148 36 2 4 0 8 1 14
master	2080 -16 628 0 0.0 0.5 0.36 0.42 6 27 -516 115 64 4 4 1 7 1 11
master	208 0 0 141 0 0 0.2 0.28 0.57 6 36 -177 278 63 4 4 5 2 1 10
not_master	2238.15 -12 220 0 0.0 0.1 0.52 0.48 6 13 -40 387 27 4 4 2 4 1 11
not_master	223 -1.52 -41 339 0 0.0 0.4 0.48 0.48 4 13 -666 9 27 4 4 1 5 1 28
master	427-0.16 -31 1111 0 0 0.5 0.44 0.43 4 25 -1086 123 58 4 4 8 19 1 11
master	427 0.16 -13 159 0.0 0 0.4 0.44 0.4 5 23 -147 13 57 4 4 5 10 1 22
not_master	2060 0 212 0 0 0.4 0.32 0.4 3 14 -75 177 35 4 4 0 4 1 17
not_master	206 0 -46 220 0 0 0.3 0.36 0.43 6 15 -322 70 35 2 3 3 3 1 10
not_master	14246.2 -40 2079 0 0 0.4 0.56 0.58 6 26 -23 2410 45 4 4 9 6 1 25
not_master	142 0 -33 141 0 0 0.2 0.36 0.42 6 19 -2343 6 45 2 4 0 5 1 14
master	2901.35 -20 37 0 0 0.4 0 0.52 5 12 -19 160 23 4 4 0 0 1 19
master	290 0 0 107 0 0 0.4 0 0.48 2 11 -133 0 23 4 4 0 0 1 32
master	458-12.58 -541 697 0 0 0.1 0.2 0.37 3 16 -954 29 43 4 4 1 9 1 21
master	458 12.88 -2 602 0.0 0.0 0.3 0.32 0.38 5 16 -94 647 42 2 4 2 9 1 12
not_master	4350 -280 172 0.0 0 0.2 0.48 0.57 8 36 -468 154 63 4 2 7 23 0 0
not_master	435 0.84 -12 352 0 0.0 0.5 0.56 0.53 6 33 -416 449 62 4 4 8 14 1 28
master	4050 0 1184 0.0 0 0.2 0.36 0.51 8 20 -1195 67 39 4 4 0 10 1 9
master	405 0 0 1332 0 0.0 0.2 0.4 0.47 5 18 -1318 48 38 4 4 6 8 1 16
not_master	1420 -405 320 0.0 0 0.2 0.28 0.42 4 22 -597 506 52 4 4 4 3 1 15
not_master	142 1.59 -29 436 0 0.0 0.4 0.4 0.41 3 21 -426 498 51 2 4 4 1 1 14
not_master	4311.26 -34 130 0 0 0.4 0.36 0.49 7 17 -111 107 35 4 4 1 5 1 27
not_master	431 1.29 -75 295 0 0.0 0.4 0.52 0.51 5 18 -205 62 35 4 4 2 5 1 26
master	4370 -1092 333 0.0 0.0 0.2 0.28 0.46 6 27 -1092 364 59 4 4 2 5 1 45
master	437 0.24 -246 382 0 0 0.4 0.48 0.46 4 27 -447 325 59 4 4 10 7 1 10
not_master	415-17.49 -1067 1012 0 0 0.4 0.48 0.46 8 28 -868 304 61 4 4 7 4 1 23
not_master	415 0 -32 427 0.0 0.0 0.4 0.4 0.42 2 25 -722 908 60 4 4 23 25 1 12
not_master	2000.46 -78 649 0 0.0 0.1 0.32 0.39 6 22 -944 140 56 4 4 3 2 1 15
not_master	200 0 -54 149 0.0 0.0 0.2 0.28 0.47 4 26 -147 432 55 4 4 3 4 1 10
not_master	10019.23 -47 1423 0 0 0.2 0.28 0.42 8 31 -256 1426 74 4 4 17 15 1 9
master	100 0 -148 650 0.0 0 0.3 0.28 0.32 3 24 -2596 122 74 4 4 3 12 1 12
master	453-0.83 -25 1065 0.0 0 0.2 0.2 0.23 2 7 -1049 141 30 4 4 0 4 1 29
master	453 18.5 -17 825 0.0 0 0.5 0.56 0.53 4 16 -829 51 30 2 4 0 7 1 12
not_master	36112.46 -2 857 0.0 0.0 0.4 0.28 0.32 3 9 -531 312 28 4 4 3 6 1 9
not_master	361 -2.29 -64 204 0 0.0 0.4 0.4 0.39 2 11 -522 0 28 4 4 0 5 0 0
not_master	2400.1 -17 86 0.0 0 0.4 0.48 0.48 4 15 -395 72 31 4 4 2 0 1 17
master	240 0 0 240 0 0.0 0.4 0.56 0.63 6 19 -98 370 30 4 4 0 3 1 16
not_master	5350 -87 249 0 0 0.1 0.16 0.19 2 10 -1258 22 54 4 2 2 3 1 29
not_master	535 0 -8 226 0 0.0 0.3 0.48 0.45 6 24 -62 1231 53 4 4 1 3 1 34
master	2430 -1 149 0 0 0.4 0.4 0.45 3 14 -15 1087 31 4 4 2 3 1 13
not_master	243 0 0 717 0 0 0.3 0.32 0.35 3 11 -1140 39 31 4 4 0 6 0 0
not_master	437-3.92 -200 165 0 0.0 0.3 0.48 0.49 4 25 -787 84 51 4 4 2 5 1 23
master	437 0 -1 108 0.0 0 0.4 0.6 0.62 8 31 -82 688 50 4 4 6 4 1 10
master	100-1.3 -119 219 0.0 0.0 0.5 0.48 0.58 6 19 -108 93 33 2 2 0 5 1 23
not_master	100 0 -20 180 0 0.0 0.4 0.52 0.61 5 20 -137 112 33 2 3 6 7 1 14
master	1005.57 0 315 0.0 0.0 0.5 0.48 0.54 4 15 -123 1037 28 4 4 5 4 1 17
not_master	100 0 -28 154 0 0.0 0.7 0.72 0.71 6 20 -1341 0 28 4 4 0 1 1 16
master	3022.03 -90 618 0 0 0.4 0.48 0.45 6 17 -1094 210 38 4 4 1 6 0 0
master	302 0 -30 1525 0 0 0.4 0.44 0.43 4 16 -703 935 37 4 4 1 3 1 26
not_master	2230 -13 783 0 0.0 0.2 0.4 0.48 4 25 -6295 93 52 4 4 0 10 1 11
not_master	223 0 -16 2597 0.0 0.0 0.7 0.52 0.47 4 24 -229 2597 51 4 4 6 13 1 20
not_master	1000.59 -16 147 0 0 0.1 0.36 0.34 3 10 -156 9 29 4 1 2 5 1 17
master	100 0.9 -14 107 0 0.0 0.3 0.44 0.41 5 12 -54 83 29 1 4 2 2 0 0
not_master	2001.87 0 251 0 0 0.3 0.4 0.47 4 21 -87 193 45 4 4 0 4 1 47
not_master	200 0.47 -15 130 0 0 0.2 0.36 0.42 5 19 -256 17 45 2 4 2 2 1 34
not_master	1400.81 -77 302 0.0 0.0 0.3 0.4 0.51 5 19 -5 523 37 4 4 0 3 1 11
not_master	140 -1.14 -42 123 0 0 0.1 0.16 0.22 1 8 -622 0 37 4 2 0 3 1 18
master	1001.47 -26 83 0 0.0 0.3 0.44 0.34 6 11 -105 64 32 4 2 2 4 1 13
master	100 0.68 0 169 0 0.0 0.4 0.4 0.35 4 11 -136 121 31 4 4 0 1 1 14
not_master	1040 -466 419 0 0 0.2 0.44 0.56 4 22 -466 628 39 4 4 1 3 1 9
master	104 4.33 0 249 0 0.0 0.3 0.2 0.31 4 12 -737 17 39 4 4 4 4 1 12
not_master	21226.42 -1 600 0 0 0.4 0 0.42 2 8 -75 191 19 4 2 2 3 1 17
not_master	212 0 -49 159 0.0 0 0.4 0 0.53 6 10 -506 0 19 2 2 1 0 1 18
master	1421.45 -105 903 0 0 0.4 0.32 0.34 3 18 -604 300 53 4 4 3 5 1 23
not_master	142 1.02 0 286 0 0.0 0.0 0.12 0.21 2 11 -358 0 53 2 4 0 3 0 0
master	1210 -53 109 0 0.0 0.2 0.4 0.44 4 12 -77 64 27 4 4 1 2 1 15
master	121 2.88 -1 139 0 0.0 0.4 0.44 0.46 3 12 -114 45 26 2 4 0 2 1 14
master	1433.68 -58 695 0 0 0.6 0.4 0.44 5 18 -633 347 41 4 4 0 7 1 11
master	143 10.35 -7 414 0 0.0 0.1 0.32 0.3 6 12 -837 0 40 4 4 0 4 1 10
not_master	3180 -30 305 0 0.0 0.5 0.56 0.59 4 16 -48 1397 27 4 4 0 5 0 0
not_master	318 2.3 -35 1012 0 0 0.2 0.28 0.26 2 7 -1243 22 27 2 2 1 6 1 32
master	4370.89 -66 146 0.0 0.0 0.2 0.52 0.49 6 17 -147 111 35 4 4 0 3 0 0
master	437 1.26 -155 115 0 0.0 0.4 0.48 0.47 3 16 -141 89 34 2 4 2 3 1 10
not_master	3071.07 -40 71 0 0 0.6 0.52 0.47 4 14 -40 80 30 4 4 0 2 1 13
not_master	307 0 -2 96 0 0 0.7 0.36 0.34 4 10 -96 25 29 4 1 0 5 1 26
not_master	3970 -45 735 0.0 0.0 0.4 0.44 0.46 3 26 -666 76 57 4 2 0 5 1 9
not_master	397 0 -91 466 0 0.0 0.4 0.48 0.52 6 29 -200 632 56 4 4 9 8 1 16
not_master	4454.44 -8 494 0 0.0 0.1 0.32 0.39 3 14 -1048 33 36 4 4 0 5 1 17
not_master	445 5.46 -48 391 0.0 0.0 0.4 0.48 0.46 4 16 -100 852 35 4 4 8 10 1 14
not_master	5357.62 -92 297 0 0 0.1 0.28 0.33 2 13 -1008 211 39 4 2 0 7 1 21
not_master	535 0 -119 621 0 0 0.3 0.36 0.37 4 14 -588 694 38 4 4 1 11 1 16
not_master	243-3.0 -99 720 0 0 0.2 0.24 0.33 3 11 -1480 85 33 4 4 0 9 1 13
not_master	243 0 0 393 0 0 0.0 0.24 0.38 6 12 -181 812 32 4 4 3 7 1 16
not_master	2900 -57 511 0 0 0.3 0.4 0.46 3 16 -39 838 35 4 4 1 3 1 31
not_master	290 0 0 310 0 0.0 0.4 0.44 0.43 3 15 -880 0 35 4 4 1 4 1 30
not_master	4780 -8 1094 0 0.0 0.2 0.28 0.38 5 30 -1049 147 79 4 4 5 4 1 9
not_master	478 0 -11 858 0.0 0 0.2 0.16 0.27 4 21 -1026 48 79 4 4 0 6 1 10
not_master	5814.69 -165 353 0 0.0 0.3 0.52 0.57 8 35 -1066 316 61 4 2 4 1 0 0
master	581 2.0 0 202 0 0.0 0.6 0.56 0.6 7 36 -347 437 60 2 3 6 0 1 10
master	1000 -7 214 0 0 0.0 0.16 0.27 2 10 -58 536 37 4 4 1 4 1 21
not_master	100 1.95 -9 88 0 0 0.4 0.4 0.43 3 16 -627 33 37 4 4 1 10 1 12
not_master	1420 -25 106 0 0 0.1 0.24 0.4 4 19 -234 101 47 4 2 2 2 0 0
not_master	142 0.15 -9 149 0 0 0.4 0.36 0.49 4 23 -170 216 47 2 4 3 1 1 18
master	1160 -57 103 0 0 0.3 0.36 0.46 3 21 -1 225 46 4 4 1 3 1 17
master	116 0 0 593 0 0.0 0.1 0.12 0.3 3 14 -802 0 46 4 4 1 6 1 18
master	1001.52 0 84 0 0.0 0.6 0.56 0.61 8 19 0 243 31 4 4 0 5 1 17
master	100 0.39 0 115 0 0 0.2 0.28 0.32 4 10 -325 133 31 4 4 1 4 1 14
not_master	5000 0 181 0.0 0 0.5 0 0.46 4 11 -429 38 24 4 4 0 1 1 17
not_master	500 0 0 192 0 0 0.1 0 0.48 6 11 -126 456 23 4 4 0 1 1 24
not_master	5060 0 230 0 0 0.2 0.32 0.5 5 27 -232 503 54 4 1 3 9 1 11
not_master	506 0.22 -223 66 0 0 0.5 0.44 0.52 5 28 -525 85 54 4 4 1 5 1 10
master	1097.0 0 203 0 0 0.2 0.36 0.45 5 13 -97 85 29 4 4 0 3 1 29
not_master	109 0 -12 133 0.0 0.0 0.4 0.4 0.46 5 13 -151 66 28 4 1 4 5 1 22
master	4370.27 0 215 0 0 0.3 0.48 0.46 6 19 -227 123 41 4 4 1 5 1 31
master	437 0.78 -88 228 0 0 0.5 0.4 0.33 3 13 -313 64 40 4 4 0 9 1 10
not_master	1000.93 -9 87 0 0 0.2 0.32 0.3 4 9 -42 62 30 4 4 0 3 1 17
master	100 0 0 154 0 0.0 0.3 0.44 0.4 4 12 -191 11 30 4 4 0 2 1 22
not_master	2560 -1 413 0 0.0 0.5 0.48 0.4 5 27 -108 582 68 4 4 1 3 1 27
not_master	256 0.04 -42 114 0 0 0.3 0.28 0.37 4 25 -630 31 68 4 4 3 6 1 28
master	1000.83 -31 104 0.0 0 0.4 0.44 0.47 3 14 -48 61 30 4 4 0 3 1 23
master	100 0.21 0 66 0 0.0 0.4 0.44 0.41 3 12 -106 29 29 4 2 3 3 1 10
master	3690.02 -29 170 0 0.0 0.5 0.52 0.48 4 29 -173 57 60 4 2 5 0 1 9
master	369 0.31 0 54 0 0 0.4 0.4 0.44 9 26 -164 43 59 4 4 4 1 1 26
not_master	201-98.45 -3052 413 0 0 0.4 0.44 0.35 4 11 -921 583 31 4 2 4 3 1 17
not_master	201 0 0 497 0 0.0 0.3 0.44 0.53 9 16 -598 2520 30 1 1 3 8 1 20
master	1000 -46 305 0 0 0.4 0.36 0.45 5 23 -79 486 51 4 4 5 14 1 27
not_master	100 4.08 -38 788 0.0 0 0.4 0.36 0.37 3 19 -779 0 51 4 4 2 4 1 20
not_master	5900.23 -45 94 0 0.0 0.3 0.32 0.32 4 14 -682 110 44 4 4 2 5 1 17
not_master	590 0 0 148 0.0 0.0 0.2 0.4 0.6 10 26 -218 654 43 2 4 4 4 1 18
master	1420 -2 233 0 0 0.1 0.28 0.32 2 11 -1029 258 34 4 4 2 4 1 17
master	142 0 -24 1766 0 0 0.2 0.28 0.36 3 12 -531 1029 33 2 4 1 4 0 0
master	3673.45 0 960 0 0.0 0.7 0.48 0.41 4 23 -841 381 56 4 2 1 8 1 7
master	367 0.61 0 407 0.0 0 0.4 0.32 0.41 4 23 -444 0 56 4 4 0 18 1 18
master	129-0.55 -12 121 0.0 0 0.5 0 0.45 7 10 -111 66 22 4 4 0 2 1 11
master	129 1.09 -1 49 0.0 0 0.5 0 0.41 3 9 -73 42 22 4 4 0 3 1 10
not_master	1450.44 -41 386 0 0 0.1 0.32 0.37 3 10 -387 35 27 2 2 2 5 0 0
not_master	145 0 -8 223 0.0 0.0 0.5 0.56 0.58 5 15 -200 343 26 4 4 0 8 0 0
not_master	146-3.62 -134 430 0 0.0 0.2 0.28 0.35 5 13 -614 68 37 4 2 1 6 1 21
master	146 0 0 178 0 0 0.3 0.56 0.58 7 21 -146 620 36 4 4 2 4 1 22
master	1040 -48 429 0.0 0 0.4 0.32 0.38 2 13 -397 73 34 4 4 0 0 0 0
master	104 0 -6 127 0.0 0 0.6 0.48 0.5 3 17 -131 25 34 4 4 5 1 0 0
not_master	2220.89 -33 553 0 0 0.3 0.32 0.32 3 12 -957 97 37 2 2 0 5 1 17
not_master	222 0 -7 274 0 0 0.5 0.44 0.5 4 18 -167 811 36 4 4 2 4 1 12
master	29713.23 0 397 0 0.0 0.3 0.44 0.43 6 13 -139 1095 30 4 4 0 5 1 23
master	297 6.27 -49 364 0.0 0.0 0.4 0.44 0.47 3 14 -885 42 30 4 1 1 6 0 0
not_master	1000.82 0 94 0.0 0 0.1 0 0.18 1 3 -64 72 17 4 2 0 5 1 19
master	100 0 0 142 0 0 0.2 0 0.38 4 6 -160 31 16 2 4 0 0 1 14
master	1140.84 -39 122 0 0 0.2 0.48 0.48 4 15 -112 352 31 4 4 0 4 1 7
master	114 0 0 332 0 0 0.3 0.36 0.45 3 14 -352 15 31 4 4 1 5 1 10
master	3820 -67 240 0 0.0 0.2 0.44 0.53 4 26 -112 263 49 4 2 0 0 1 9
master	382 0 -58 98 0 0 0.4 0.52 0.51 4 25 -280 50 49 4 4 0 1 1 20
not_master	2007.34 0 501 0 0 0.4 0.36 0.41 3 13 -70 852 32 4 4 5 10 1 21
not_master	200 0.62 -31 316 0 0 0.5 0.52 0.56 5 18 -873 0 32 2 2 0 5 1 34
master	2971.21 -49 201 0 0 0.4 0.44 0.46 3 22 -305 69 48 4 4 7 4 1 21
master	297 0 -88 149 0 0 0.2 0.36 0.48 5 23 -145 241 48 4 1 5 5 0 0
master	3802.83 -491 479 0 0 0.5 0.36 0.38 2 16 -504 160 42 4 2 0 4 1 9
master	380 2.41 -22 1157 0 0.0 0.7 0.6 0.51 4 21 -1179 21 41 4 4 0 9 1 30
master	1000 0 910 0 0 0.4 0.36 0.51 5 35 -314 1183 68 2 2 8 4 1 9
not_master	100 0 -31 863 0 0 0.2 0.28 0.46 5 31 -4582 0 68 4 4 4 9 1 10
not_master	3050 0 449 0 0.0 0.4 0.52 0.52 6 13 -56 1486 25 4 4 5 3 1 15
not_master	305 0 0 456 0 0.0 0.4 0.36 0.36 3 9 -1662 53 25 4 4 0 0 1 16
master	2320 -2 225 0.0 0.0 0.7 0.56 0.56 5 31 -53 591 55 4 4 0 3 1 25
not_master	232 0.04 -64 579 0 0.0 0.4 0.36 0.45 5 25 -760 22 55 4 4 0 6 1 34
not_master	405-0.1 -74 639 0.0 0 0.2 0.32 0.52 8 41 -578 347 79 4 2 4 3 1 15
not_master	405 0 -138 581 0 0.0 0.3 0.44 0.6 7 47 -619 17 78 4 4 1 4 1 14
master	3670.05 -18 153 0 0.0 0.5 0.4 0.51 5 22 -261 56 43 4 3 3 4 1 7
master	367 0 -11 87 0 0.0 0.7 0.72 0.65 5 28 -102 146 43 4 4 1 3 1 16
master	2010 -7 239 0 0 0.5 0.56 0.54 6 22 -75 205 41 4 4 0 1 1 15
not_master	201 0.73 -39 127 0 0.0 0.2 0.36 0.39 2 16 -257 240 41 1 1 0 6 1 22
master	2960 -415 420 0.0 0 0.6 0.48 0.52 2 16 -415 568 31 4 4 3 3 1 23
master	296 0.45 -188 571 0.0 0 0.3 0.4 0.39 3 12 -558 64 31 4 1 1 9 1 48
not_master	1000 -1 586 0 0.0 0.3 0.44 0.52 5 15 -715 759 29 4 4 0 1 1 13
not_master	100 3.45 -277 286 0.0 0 0.3 0.32 0.28 3 8 -849 210 29 4 4 0 3 1 10
not_master	4020.14 0 317 0 0 0.4 0.32 0.44 4 22 -1117 41 50 4 2 1 11 1 21
not_master	100-32.85 -1347 424 0.0 0 0.6 0.44 0.51 5 21 -1347 131 41 4 4 3 7 0 0
master	100 0 -1 374 0.0 0.0 0.2 0.28 0.35 2 14 -345 365 40 2 2 1 7 1 46
master	1220.1 -101 262 0.0 0 0.3 0.32 0.51 7 41 -498 167 80 4 4 6 9 1 19
not_master	402 0 -13 86 0 0 0.2 0.4 0.47 8 23 -72 1106 49 2 4 4 5 1 20
not_master	1000 -33 103 0 0 0.3 0.32 0.48 4 29 -141 73 60 2 4 1 5 1 17
not_master	100 0.37 -29 299 0 0.0 0.2 0.44 0.42 9 25 -133 132 60 2 4 3 2 1 16
not_master	105-3.07 -43 93 0.0 0 0.1 0 0.21 2 3 -83 115 14 4 4 0 1 1 7
not_master	105 10.64 -13 149 0 0 0.2 0 0.29 2 4 -176 10 14 4 4 1 0 1 8
not_master	3600.05 -46 261 0 0 0.5 0.36 0.56 14 34 -284 95 61 4 2 8 3 1 7
not_master	360 0.05 -117 169 0 0.0 0.3 0.32 0.53 10 32 -188 312 60 4 4 7 5 1 22
master	5150 -698 476 0 0.0 0.5 0.36 0.39 3 17 -698 79 44 4 2 0 6 1 19
master	515 0 -19 130 0 0.0 0.2 0.44 0.44 6 19 -145 21 43 4 2 1 10 1 20
not_master	5700 0 918 0.0 0 0.3 0.36 0.48 8 24 -363 899 50 4 4 3 11 1 21
not_master	570 0.3 -66 212 0.0 0.0 0.3 0.32 0.38 3 19 -1131 0 50 2 4 0 7 1 10
not_master	1000.05 0 600 0 0.0 0.3 0.4 0.55 11 82 -669 368 148 4 2 13 6 1 25
not_master	100 0.01 -139 378 0.0 0.0 0.3 0.48 0.62 23 91 -386 69 147 4 3 7 6 1 10
not_master	100-32.85 -1347 424 0.0 0 0.6 0.44 0.51 5 21 -1347 131 41 4 4 3 7 0 0
master	100 0 -1 374 0.0 0.0 0.2 0.28 0.35 2 14 -345 365 40 2 2 1 7 1 46
not_master	402 0 -13 86 0 0 0.2 0.4 0.47 8 23 -72 1106 49 2 4 4 5 1 20
not_master	1000 -33 103 0 0 0.3 0.32 0.48 4 29 -141 73 60 2 4 1 5 1 17
not_master	100 0.37 -29 299 0 0.0 0.2 0.44 0.42 9 25 -133 132 60 2 4 3 2 1 16
master	354 0 -30 1421 0 0 0.2 0.36 0.51 8 42 -1447 47 83 4 4 4 1 1 14
not_master	1001.4 0 174 0.0 0 0.4 0.32 0.42 4 18 -41 188 43 2 2 0 6 1 37
not_master	100 3.77 -23 162 0 0 0.3 0.48 0.49 5 21 -233 27 43 4 4 0 5 0 0
master	100-0.81 -28 111 0 0 0.2 0.44 0.39 5 12 -35 97 31 2 4 0 5 1 25
not_master	100 0 -22 79 0 0.0 0.2 0.52 0.47 4 14 -149 17 30 4 4 0 2 1 26
not_master	1000 -7 171 0 0 0.2 0.48 0.54 5 32 -134 363 59 4 4 2 1 1 13
not_master	100 0.03 -7 134 0 0 0.3 0.4 0.41 3 24 -400 89 59 4 4 0 0 1 26
not_master	1420 -89 442 0 0 0.2 0.28 0.23 2 10 -618 129 43 4 4 1 6 1 13
not_master	142 0 -1 620 0 0 0.3 0.24 0.31 2 13 -244 579 42 2 4 3 5 1 20
master	5420 -71 94 0.0 0 0.4 0.36 0.47 6 14 -81 404 30 4 4 1 3 1 25
master	542 0 0 124 0.0 0 0.5 0.44 0.52 4 15 -138 76 29 4 4 0 5 1 26
master	187-2.96 -216 148 0 0.0 0.2 0.4 0.48 6 35 -379 146 73 4 4 4 3 1 11
not_master	187 0 -44 716 0.0 0.0 0.5 0.52 0.54 11 39 -698 379 72 4 4 2 2 1 12
