not_master	100 2.74 0.48 6 13 27 100 2 0 1
not_master	100 0 0.38 3 10 26 100 2 3 1
master	100 0.48 0.48 4 16 33 100 4 0 1
not_master	100 0.64 0.48 7 16 33 100 4 0 1
master	129 0.4 0.42 4 17 40 129 4 0 1
master	129 0 0.36 3 14 39 129 4 1 1
master	380 1.57 0.6 8 24 40 380 4 1 1
master	380 2.15 0.55 8 22 40 380 4 1 1
master	100 1.0 0.37 4 11 30 100 4 0 1
master	100 0 0.34 2 10 29 100 4 2 1
not_master	246 0 0.49 5 25 51 246 4 2 1
not_master	246 0 0.39 3 20 51 246 4 0 1
master	268 1.3 0.43 3 23 54 268 4 5 1
master	268 0.57 0.43 3 23 53 268 4 1 1
master	431 -0.41 0.46 5 19 41 431 4 4 0
master	431 0 0.5 6 20 40 431 2 3 1
master	281 0 0.42 5 15 36 281 4 0 1
master	281 11.66 0.37 3 13 35 281 4 1 1
not_master	520 4.47 0.53 7 23 43 520 4 3 0
not_master	520 0 0.67 9 28 42 520 4 2 1
master	209 1.48 0.39 4 17 44 209 4 0 1
master	209 0 0.48 3 21 44 209 4 1 1
not_master	511 20.68 0.53 5 25 47 511 4 2 0
not_master	511 -16.23 0.47 5 22 47 511 4 3 1
master	180 0 0.41 4 16 39 180 4 2 0
not_master	180 1.62 0.33 3 13 39 180 4 0 1
not_master	142 0 0.39 4 14 36 142 4 0 1
not_master	142 0.06 0.33 4 12 36 142 2 0 1
master	365 0.21 0.51 4 27 53 365 4 5 1
master	365 0 0.56 7 29 52 365 4 1 1
not_master	100 2.07 0.57 2 8 14 100 4 0 0
master	100 0 0.54 3 7 13 100 4 0 0
not_master	142 1.76 0.3 4 10 33 142 4 1 1
not_master	142 2.27 0.3 3 10 33 142 2 0 1
not_master	142 0 0.63 7 26 41 142 4 3 1
not_master	142 1.66 0.41 3 17 41 142 2 0 0
not_master	302 0.34 0.38 2 18 47 302 4 0 1
not_master	302 0 0.52 8 24 46 302 4 1 1
not_master	100 0.2 0.62 8 31 50 100 4 7 1
not_master	100 0 0.58 9 29 50 100 1 5 0
not_master	573 1.9 0.35 6 28 79 573 4 5 1
not_master	573 0 0.41 3 32 79 573 2 1 1
master	290 0 0.54 5 20 37 290 4 0 1
master	290 0.25 0.42 5 15 36 290 4 11 1
not_master	219 0 0.61 7 22 36 219 4 3 1
not_master	219 -1.39 0.56 4 20 36 219 4 0 1
master	100 3.47 0.58 5 35 60 100 4 2 1
not_master	100 0.05 0.45 7 27 60 100 4 4 1
master	443 17.2 0.6 13 15 25 443 4 4 1
not_master	443 0.8 0.28 3 7 25 443 4 0 1
not_master	134 3.65 0.51 4 25 49 134 4 1 0
not_master	134 0.04 0.45 4 22 49 134 4 4 1
master	402 0 0.59 11 33 56 402 4 5 0
master	402 0.15 0.47 6 26 55 402 4 2 1
not_master	230 0 0.46 4 16 35 230 4 5 1
not_master	230 0 0.43 3 15 35 230 4 1 0
master	122 0.09 0.5 6 51 101 122 4 17 1
master	122 0.13 0.52 11 53 101 122 2 6 1
master	296 0 0.58 5 21 36 296 4 5 1
master	296 0.03 0.36 6 13 36 296 4 2 0
not_master	219 0.03 0.38 4 13 34 219 4 0 1
master	219 11.24 0.59 6 20 34 219 4 1 1
not_master	107 0 0.22 3 7 32 107 4 1 1
master	107 0 0.52 3 16 31 107 4 4 1
master	506 0.18 0.5 4 19 38 506 2 0 1
master	506 0.32 0.34 4 13 38 506 4 0 1
master	440 0 0.29 2 9 31 440 4 1 0
master	440 0 0.35 2 11 31 440 4 2 1
not_master	367 1.33 0.5 3 6 12 367 4 3 1
master	367 0 0.82 7 9 11 367 4 0 0
master	308 1.16 0.45 6 29 64 308 4 2 1
master	308 0.9 0.46 4 29 63 308 2 6 1
master	204 0.23 0.43 4 32 74 204 4 9 1
master	204 0 0.53 13 39 73 204 4 4 1
not_master	226 0 0.32 3 11 34 226 4 2 1
not_master	226 0 0.44 5 15 34 226 4 0 1
not_master	141 0 0.47 4 19 40 141 2 4 1
not_master	141 0.55 0.5 5 20 40 141 4 1 1
not_master	236 0 0.38 4 28 73 236 4 6 1
not_master	236 0 0.42 3 31 73 236 4 1 1
not_master	212 0 0.56 6 24 43 212 2 6 1
not_master	212 0.05 0.37 3 16 43 212 2 1 1
not_master	576 0 0.62 6 40 65 576 4 3 1
not_master	576 6.97 0.42 4 27 64 576 4 15 1
master	365 0 0.41 3 15 37 365 4 3 1
master	365 0 0.56 7 20 36 365 4 1 1
master	382 2.17 0.44 3 18 41 382 4 0 1
master	382 1.88 0.5 4 20 40 382 4 0 1
not_master	100 3.97 0.47 4 14 30 100 2 2 0
not_master	100 0 0.69 7 20 29 100 2 3 1
master	508 7.63 0.37 3 14 38 508 4 1 1
not_master	508 0 0.45 4 17 38 508 4 0 1
not_master	355 0.53 0.49 5 28 57 355 4 4 1
not_master	355 0 0.51 7 29 57 355 4 1 1
master	217 0 0.58 5 19 33 217 4 4 1
not_master	217 0 0.42 3 14 33 217 4 0 1
not_master	142 0 0.44 4 12 27 142 4 4 1
not_master	142 0.52 0.48 3 13 27 142 2 0 0
not_master	100 0.07 0.3 3 9 30 100 2 1 1
master	100 0 0.5 6 15 30 100 4 1 1
not_master	147 5.04 0.38 1 9 24 147 4 0 1
master	147 0 0.48 5 11 23 147 4 0 1
not_master	130 0.14 0.49 5 18 37 130 4 0 1
not_master	130 0.62 0.54 7 20 37 130 4 1 1
master	377 4.53 0.5 3 15 30 377 4 4 1
master	377 0 0.53 5 16 30 377 4 0 1
not_master	100 -1.43 0.4 5 12 30 100 4 0 1
master	100 2.03 0.33 4 10 30 100 4 0 1
not_master	224 0.84 0.39 3 12 31 224 4 0 1
not_master	224 0 0.43 3 13 30 224 4 1 1
master	220 3.52 0.38 4 19 50 220 2 1 1
master	220 0.51 0.45 4 22 49 220 4 1 1
not_master	100 -0.02 0.57 7 35 61 100 4 0 1
master	100 4.68 0.53 4 32 60 100 4 2 1
not_master	142 14.85 0.3 2 8 27 142 4 0 1
not_master	142 0.41 0.3 2 8 27 142 2 0 0
not_master	100 0 0.55 5 36 66 100 4 5 1
not_master	100 11.65 0.52 7 34 66 100 4 6 1
not_master	302 8.33 0.55 7 30 55 302 4 4 1
not_master	302 0.02 0.48 4 26 54 302 4 2 1
master	309 0 0.55 5 16 29 309 4 2 1
not_master	309 0 0.55 4 16 29 309 4 1 1
master	318 3.26 0.42 2 18 43 318 4 0 0
not_master	318 0 0.37 3 16 43 318 2 5 1
not_master	532 1.4 0.29 3 10 35 532 4 0 1
not_master	532 0.65 0.5 6 17 34 532 4 2 1
not_master	100 0.59 0.35 2 6 17 100 4 0 1
master	100 0 0.44 2 7 16 100 4 0 1
master	541 1.81 0.33 2 9 27 541 4 2 1
master	541 0 0.46 4 12 26 541 4 1 1
not_master	583 0.29 0.26 2 11 42 583 4 0 0
not_master	583 0.79 0.45 5 19 42 583 4 0 1
not_master	402 0 0.39 4 12 31 402 4 0 1
not_master	402 8.55 0.26 3 8 31 402 4 0 1
not_master	341 0 0.53 5 17 32 341 4 0 1
not_master	341 13.22 0.5 5 16 32 341 4 1 1
not_master	203 0 0.48 3 11 23 203 4 0 1
not_master	203 2.87 0.26 3 6 23 203 4 0 1
not_master	392 30.81 0.33 4 9 27 392 4 0 1
not_master	392 27.88 0.46 5 12 26 392 4 1 1
master	254 0 0.37 4 18 49 254 4 1 1
master	254 0 0.33 2 16 49 254 4 1 1
not_master	142 0 0.74 12 23 31 142 4 11 0
not_master	142 6.58 0.55 7 17 31 142 2 1 0
master	384 1.03 0.38 3 14 37 384 4 0 1
master	384 11.64 0.5 6 18 36 384 4 1 1
master	285 0.14 0.29 2 6 21 285 4 0 1
master	285 4.15 0.25 2 5 20 285 4 0 1
master	350 0 0.47 8 19 40 350 4 4 1
master	350 29.48 0.53 6 21 40 350 4 2 1
master	100 4.33 0.42 3 14 33 100 4 0 1
not_master	100 2.42 0.42 4 14 33 100 4 0 1
not_master	227 -17.69 0.44 3 17 39 227 4 0 1
master	227 19.61 0.34 3 13 38 227 2 2 1
not_master	224 0 0.43 4 12 28 224 4 2 1
not_master	224 -2.25 0.43 3 12 28 224 4 0 1
master	119 0.86 0.54 7 42 78 119 4 8 1
master	119 0.33 0.49 5 38 78 119 4 6 1
not_master	142 4.51 0.44 4 17 39 142 4 1 1
not_master	142 0.69 0.56 5 22 39 142 2 4 1
master	547 0.63 0.51 4 21 41 547 4 1 1
master	547 0 0.46 3 19 41 547 4 0 1
not_master	377 0.6 0.28 4 11 40 377 4 1 1
not_master	377 0 0.41 4 16 39 377 4 0 1
not_master	142 18.05 0.43 2 9 21 142 4 1 1
not_master	142 0 0.14 1 3 21 142 2 0 1
master	215 0.62 0.48 5 30 63 215 4 5 1
master	215 0 0.48 4 30 62 215 4 0 1
not_master	301 -2.64 0.43 3 20 47 301 4 0 1
not_master	301 0 0.52 7 24 46 301 4 4 1
master	381 0 0.5 4 22 44 381 4 1 1
master	381 0 0.6 8 26 43 381 4 1 1
master	142 0 0.29 1 10 35 142 4 0 1
not_master	142 0.89 0.17 2 6 35 142 2 0 1
master	212 0 0.51 8 27 53 212 4 4 0
master	212 0 0.69 12 36 52 212 4 9 0
master	140 0 0.49 4 18 37 140 2 2 0
not_master	140 0 0.32 4 12 37 140 2 1 1
master	367 1.97 0.4 3 12 30 367 4 1 1
master	367 0.31 0.38 2 11 29 367 4 0 1
not_master	208 1.53 0.47 6 20 43 208 4 1 1
not_master	208 24.12 0.57 10 24 42 208 2 2 1
not_master	100 0 0.57 5 21 37 100 4 8 1
not_master	100 0 0.46 3 17 37 100 4 1 0
not_master	227 3.35 0.47 5 28 60 227 4 3 1
not_master	227 0 0.38 8 23 60 227 2 1 1
not_master	145 1.63 0.43 4 27 63 145 2 2 1
not_master	145 0 0.42 3 26 62 145 4 2 1
master	437 -0.06 0.47 3 17 36 437 4 2 1
master	437 0 0.6 4 21 35 437 4 0 1
not_master	563 0 0.48 5 21 44 563 4 0 1
not_master	563 0.16 0.32 4 14 44 563 4 0 1
not_master	510 4.3 0.44 3 12 27 510 4 3 0
not_master	510 17.15 0.65 10 17 26 510 4 2 0
not_master	592 -1.41 0.46 3 19 41 592 4 3 1
master	592 0 0.42 4 17 40 592 2 7 1
master	315 0 0.49 3 21 43 315 4 0 1
not_master	315 3.09 0.33 2 14 43 315 2 1 1
master	542 0 0.38 5 47 123 542 4 10 1
master	542 0 0.54 6 66 123 542 4 5 1
not_master	142 7.58 0.33 2 4 12 142 4 0 0
master	142 0 0.42 3 5 12 142 2 1 0
not_master	377 0.44 0.46 3 24 52 377 4 1 1
not_master	377 1.04 0.37 6 19 51 377 4 1 1
not_master	571 3.14 0.45 5 26 58 571 4 10 1
not_master	571 0.02 0.48 10 25 52 377 4 1 1
not_master	377 1.33 0.43 6 22 51 377 4 1 1
not_master	571 1.52 0.41 3 24 58 571 4 10 1
not_master	571 4.32 0.53 5 30 57 571 2 1 1
not_master	100 0.67 0.26 3 10 39 100 2 1 1
not_master	100 0.97 0.32 2 12 38 100 4 1 1
master	437 0.0 0.57 6 34 60 437 4 2 1
master	437 0.0 0.55 11 33 60 437 4 5 1
master	342 0.0 0.42 5 14 33 342 4 1 1
master	342 1.33 0.55 6 18 33 342 4 2 1
not_master	100 0.0 0.45 5 14 31 100 4 0 1
not_master	100 0.0 0.57 5 17 30 100 4 1 1
master	453 0.26 0.34 4 21 61 453 4 3 1
master	453 0.0 0.45 6 27 60 453 4 4 1
not_master	142 1.94 0.33 1 6 18 142 4 0 1
not_master	142 2.59 0.29 2 5 17 142 2 0 1
master	576 0.0 0.31 2 5 16 576 4 0 1
not_master	576 9.44 0.38 3 6 16 576 2 0 1
master	177 2.39 0.34 3 14 41 177 4 0 1
master	177 0.47 0.6 7 24 40 177 4 2 1
not_master	599 7.77 0.46 3 22 48 599 4 0 1
master	599 3.38 0.35 3 17 48 599 4 1 1
not_master	349 0.0 0.49 4 20 41 349 4 1 1
not_master	349 0.0 0.54 6 22 41 349 4 3 1
master	556 0.02 0.45 5 25 55 556 4 0 1
master	556 0.0 0.55 6 30 55 556 4 1 1
master	571 0.0 0.52 3 23 44 571 4 3 0
master	571 6.36 0.41 4 18 44 571 2 2 1
master	354 0.0 0.32 3 10 31 354 4 0 1
master	354 0.0 0.32 4 10 31 354 4 0 1
master	121 1.63 0.47 5 20 43 121 4 0 1
master	121 0.72 0.44 3 19 43 121 2 0 1
master	291 0.37 0.33 3 15 46 291 4 0 1
master	291 0.84 0.42 5 19 45 291 4 0 0
not_master	142 0.0 0.3 1 3 10 142 4 0 1
not_master	142 0.0 0.44 2 4 9 142 2 0 1
not_master	278 0.0 0.46 7 21 46 278 4 2 1
not_master	278 0.0 0.48 3 22 46 278 4 1 1
not_master	571 0.0 0.47 3 32 68 571 4 4 1
master	571 0.0 0.41 5 28 68 571 2 1 1
master	246 0.0 0.7 10 28 40 246 4 0 1
master	246 0.35 0.65 6 26 40 246 4 1 1
not_master	100 -0.17 0.4 4 12 30 100 2 1 1
master	100 0.0 0.59 4 17 29 100 4 1 1
master	574 0.5 0.31 3 10 32 574 4 0 1
master	574 1.78 0.25 2 8 32 574 2 1 1
not_master	100 0.0 0.49 7 23 47 100 4 1 1
master	100 0.0 0.46 4 21 46 100 2 1 0
not_master	142 0.69 0.45 4 19 42 142 4 0 1
not_master	142 3.12 0.41 7 17 41 142 2 3 1
not_master	592 0.0 0.65 7 30 46 592 4 3 1
not_master	592 0.0 0.52 6 24 46 592 4 1 1
not_master	142 0.0 0.48 7 24 50 142 4 0 1
not_master	142 0.0 0.46 5 23 50 142 2 3 1
master	438 0.73 0.27 2 7 26 438 4 4 0
master	438 0.0 0.58 4 15 26 438 4 1 0
master	100 64.72 0.56 8 42 75 100 2 7 0
not_master	100 0.0 0.49 4 37 75 100 2 10 1
not_master	100 65.4 0.2 1 1 5 100 4 0 0
not_master	100 9.5 0.25 1 1 4 100 2 0 0
master	149 0.0 0.57 8 34 60 149 4 2 1
master	149 0.0 0.6 6 36 60 149 4 1 1
master	100 1.57 0.27 2 8 30 100 4 2 1
master	100 2.83 0.43 3 13 30 100 4 0 1
not_master	571 2.85 0.33 2 9 27 571 4 0 1
master	571 0.0 0.27 2 7 26 571 2 0 1
not_master	142 0.0 0.45 12 30 66 142 4 2 0
not_master	142 0.0 0.51 6 33 65 142 2 8 1
master	142 0.16 0.54 8 60 111 142 4 15 1
not_master	142 0.0 0.53 9 58 110 142 2 9 1
not_master	100 0.0 0.51 7 18 35 100 4 0 1
master	100 0.0 0.51 4 18 35 100 4 0 1
master	591 0.84 0.43 8 32 75 591 4 4 1
master	591 0.0 0.46 6 34 74 591 2 7 1
master	134 0.0 0.53 5 19 36 134 4 0 0
master	134 0.0 0.56 6 20 36 134 4 2 1
not_master	142 0.51 0.53 5 23 43 142 4 5 1
master	142 9.53 0.4 3 17 43 142 2 0 0
master	437 0.08 0.27 4 18 66 437 4 0 1
master	437 0.0 0.33 2 22 66 437 4 1 1
master	100 24.26 0.35 3 11 31 100 4 0 1
not_master	100 0.0 0.52 7 16 31 100 1 1 1
not_master	100 0.0 0.54 12 36 67 100 4 1 1
master	100 0.0 0.5 8 33 66 100 4 9 1
not_master	301 0.0 0.62 9 21 34 301 4 0 1
not_master	301 3.0 0.41 6 14 34 301 4 1 1
not_master	206 0.0 0.49 3 26 53 206 2 3 1
not_master	206 -0.11 0.36 3 19 53 206 2 1 1
not_master	205 0.0 0.49 4 21 43 205 4 2 1
not_master	205 0.0 0.56 4 24 43 205 4 2 0
not_master	243 0.0 0.43 5 10 23 243 4 2 1
not_master	243 0.0 0.35 2 8 23 243 4 0 1
master	437 0.0 0.53 5 21 40 437 4 1 1
master	437 0.0 0.36 3 14 39 437 4 1 1
master	100 0.0 0.36 3 8 22 100 4 0 1
not_master	100 3.59 0.36 2 8 22 100 4 0 1
master	382 0.0 0.56 8 34 61 382 4 8 1
master	382 0.0 0.5 5 30 60 382 4 1 0
master	205 1.18 0.5 4 20 40 205 4 1 1
master	205 0.0 0.56 8 22 39 205 4 2 1
master	299 0.0 0.58 4 25 43 299 4 2 1
master	299 0.0 0.43 4 18 42 299 4 6 1
not_master	100 0.0 0.24 2 5 21 100 4 0 1
not_master	100 0.0 0.6 6 12 20 100 4 0 1
not_master	307 0.0 0.52 5 29 56 307 4 0 1
not_master	307 4.2 0.53 5 29 55 307 1 1 1
master	342 0.0 0.48 4 25 52 342 4 4 1
master	342 -104.79 0.48 5 25 52 342 4 3 1
master	211 0.0 0.53 7 21 40 211 4 4 1
not_master	211 0.2 0.4 5 16 40 211 4 2 1
master	353 0 0.61 4 19 31 353 4 1 1
master	353 0 0.45 3 14 31 353 4 1 1
not_master	142 0 0.33 4 19 58 142 4 13 1
not_master	142 0 0.55 10 32 58 142 2 1 1
not_master	232 0.32 0.38 3 14 37 232 4 0 1
master	232 0 0.53 3 19 36 232 4 0 1
master	139 0.44 0.61 8 22 36 139 4 5 1
master	139 0.5 0.53 6 19 36 139 4 1 1
not_master	443 0 0.44 3 12 27 443 4 0 0
not_master	443 1.26 0.37 3 10 27 443 4 0 0
master	161 -0.08 0.38 3 19 50 161 4 0 1
not_master	161 0 0.28 2 14 50 161 4 1 1
master	100 0 0.44 6 27 62 100 4 9 1
not_master	100 11.8 0.51 6 31 61 100 2 5 1
master	547 1.82 0.44 4 17 39 547 4 6 1
master	547 0.13 0.37 4 14 38 547 4 0 1
not_master	228 -0.02 0.39 6 17 44 228 4 4 0
not_master	228 4.56 0.47 8 20 43 228 4 0 0
not_master	350 10.08 0.28 3 11 39 350 4 0 1
not_master	350 18.39 0.42 5 16 38 350 4 1 1
master	437 1.63 0.49 4 20 41 437 4 1 1
master	437 8.95 0.51 5 21 41 437 4 0 1
not_master	142 9.19 0.44 3 14 32 142 4 1 1
not_master	142 0.72 0.56 3 18 32 142 2 0 1
master	149 0.37 0.42 3 18 43 149 4 0 1
master	149 0.74 0.45 4 19 42 149 4 0 1
not_master	290 0 0.5 4 20 40 290 4 2 1
not_master	290 -5.03 0.45 3 18 40 290 4 0 1
master	441 0 0.45 3 13 29 441 4 2 1
master	441 1.61 0.54 5 15 28 441 4 2 1
not_master	142 1.4 0.43 5 18 42 142 4 0 1
not_master	142 0 0.46 4 19 41 142 2 6 1
master	380 1.0 0.42 5 19 45 380 4 5 1
master	380 1.29 0.53 9 24 45 380 4 2 1
not_master	309 16.18 0.64 9 14 22 309 4 5 1
not_master	309 0 0.41 3 9 22 309 4 0 0
not_master	419 0 0.33 3 8 24 419 4 0 1
not_master	419 0 0.38 2 9 24 419 4 0 1
master	353 20.26 0.52 5 14 27 353 4 1 1
master	353 27.31 0.31 3 8 26 353 4 1 1
master	134 -1.41 0.39 4 16 41 134 4 1 1
master	134 0 0.4 5 16 40 134 4 0 1
not_master	100 0 0.43 3 13 30 100 2 0 1
not_master	100 0 0.47 3 14 30 100 4 0 1
not_master	213 0.08 0.55 5 21 38 213 2 1 1
master	213 0.05 0.55 5 21 38 213 4 1 1
master	269 3.09 0.32 3 15 47 269 4 1 1
master	269 0 0.43 7 20 46 269 4 0 0
master	477 0.15 0.5 2 10 20 477 4 0 1
master	477 0 0.58 4 11 19 477 2 0 1
master	437 4.06 0.53 5 18 34 437 4 2 1
master	437 0 0.64 9 21 33 437 4 3 1
not_master	100 0 0.38 3 9 24 100 4 0 1
master	100 3.26 0.39 3 9 23 100 4 0 1
not_master	598 20.6 0.47 5 20 43 598 4 6 1
not_master	598 0 0.43 4 18 42 598 2 3 1
not_master	548 0.15 0.39 5 18 46 548 4 0 1
master	548 2.36 0.58 7 26 45 548 4 3 1
master	169 0.71 0.65 4 22 34 169 4 0 1
not_master	169 0.09 0.45 6 15 33 169 4 1 1
not_master	143 11.29 0.38 2 9 24 143 4 2 1
not_master	143 0 0.48 5 11 23 143 4 0 1
not_master	140 0 0.57 7 21 37 140 4 0 1
not_master	140 2.51 0.41 3 15 37 140 4 0 1
not_master	595 24.41 0.49 4 24 49 595 4 3 1
not_master	595 0 0.47 3 23 49 595 2 1 1
not_master	142 0 0.41 2 7 17 142 4 1 1
not_master	142 0 0.35 2 6 17 142 2 0 0
not_master	100 9.44 0.44 4 11 25 100 4 2 1
master	100 0 0.56 7 14 25 100 4 0 0
master	382 0.36 0.54 9 15 28 382 4 0 1
master	382 0 0.54 5 15 28 382 4 1 1
master	485 0.69 0.41 5 12 29 485 4 0 0
master	485 0 0.5 5 14 28 485 4 0 1
not_master	420 0 0.54 7 19 35 420 1 1 1
not_master	420 0.2 0.51 12 18 35 420 4 4 1
master	459 0 0.47 3 19 40 459 4 0 1
master	459 5.12 0.33 3 13 40 459 4 0 1
not_master	145 0 0.48 5 22 46 145 2 5 1
not_master	145 0 0.43 7 20 46 145 4 0 0
master	100 -0.73 0.37 2 11 30 100 4 0 1
master	100 0 0.43 7 13 30 100 4 1 1
master	517 0 0.65 7 30 46 517 4 2 1
master	517 0 0.54 8 25 46 517 4 3 1
not_master	100 0 0.58 10 25 43 100 4 1 1
not_master	100 0.23 0.56 5 24 43 100 1 1 1
not_master	248 0 0.44 6 25 57 248 4 4 1
not_master	248 0.45 0.55 7 31 56 248 4 2 1
not_master	519 6.91 0.33 5 15 46 519 4 2 1
not_master	519 0 0.44 7 20 45 519 4 3 1
master	288 0.02 0.48 4 21 44 288 4 0 1
master	288 0 0.57 6 25 44 288 4 1 1
master	435 1.04 0.36 3 10 28 435 4 0 1
not_master	435 2.61 0.5 3 14 28 435 4 0 1
not_master	100 0 0.57 6 25 44 100 4 1 1
not_master	100 0.05 0.34 4 15 44 100 4 1 1
not_master	142 0 0.59 7 37 63 142 4 8 1
not_master	142 0 0.46 5 29 63 142 2 5 1
not_master	307 0 0.45 4 17 38 307 4 0 1
not_master	307 0 0.7 8 26 37 307 1 3 1
not_master	310 14.22 0.52 3 12 23 310 4 3 1
not_master	310 5.57 0.39 3 9 23 310 4 0 1
master	506 1.79 0.38 3 15 39 506 2 1 1
master	506 3.38 0.44 4 17 39 506 4 1 1
not_master	560 0 0.48 5 34 71 560 4 4 0
not_master	560 0.51 0.4 3 28 70 560 4 7 1
master	100 2.0 0.21 1 3 14 100 4 0 1
master	100 0 0.36 4 5 14 100 4 0 1
not_master	378 0 0.58 9 31 53 378 4 0 1
not_master	378 0 0.38 2 20 53 378 4 4 1
not_master	485 0 0.48 7 22 46 485 4 3 1
not_master	485 5.89 0.51 6 23 45 485 4 4 1
not_master	401 0 0.47 4 18 38 401 4 2 1
not_master	401 0.63 0.45 5 17 38 401 4 2 1
not_master	437 11.53 0.45 2 18 40 437 4 2 1
not_master	437 0 0.3 2 12 40 437 4 0 1
master	383 0.13 0.42 3 19 45 383 4 2 1
master	383 0 0.41 3 18 44 383 4 0 1
not_master	581 -0.65 0.46 4 12 26 581 4 0 1
not_master	581 1.2 0.48 6 12 25 581 2 0 1
master	437 0.07 0.57 7 17 30 437 4 1 1
master	437 0.97 0.66 12 19 29 437 4 2 1
master	573 0 0.31 3 10 32 573 4 0 1
master	573 2.41 0.22 1 7 32 573 2 1 1
not_master	100 0 0.39 3 9 23 100 4 0 1
not_master	100 19.09 0.59 3 13 22 100 4 1 1
master	384 -1.55 0.34 2 13 38 384 4 0 1
master	384 0 0.41 3 15 37 384 4 0 1
master	453 0 0.39 3 9 23 453 4 0 0
master	453 0 0.68 4 15 22 453 4 1 1
master	100 3.4 0.46 5 29 63 100 4 5 1
not_master	100 0 0.54 11 34 63 100 4 5 1
master	437 0 0.52 9 22 42 437 4 6 1
master	437 0 0.5 5 21 42 437 4 0 0
not_master	142 0.15 0.4 3 19 48 142 4 0 1
not_master	142 0.02 0.4 6 19 48 142 2 2 1
not_master	240 9.34 0.23 2 8 35 240 4 0 1
not_master	240 0 0.53 6 18 34 240 4 2 1
not_master	142 0 0.41 3 11 27 142 4 0 1
not_master	142 -3.42 0.35 2 9 26 142 2 0 1
master	414 0.4 0.33 3 10 30 414 4 1 1
master	414 0.76 0.34 2 10 29 414 4 2 1
not_master	249 0.4 0.63 7 22 35 249 4 2 1
not_master	249 0 0.53 6 18 34 249 4 0 1
not_master	111 0 0.52 4 13 25 111 4 0 1
not_master	111 0.72 0.48 5 12 25 111 4 2 1
not_master	152 0 0.3 2 10 33 152 2 0 1
not_master	152 0.12 0.33 3 11 33 152 4 1 1
not_master	100 17.16 0.42 3 16 38 100 2 0 1
not_master	100 15.89 0.35 3 13 37 100 4 2 1
master	436 -0.01 0.41 10 29 70 436 4 7 1
master	436 0.26 0.46 8 32 70 436 4 1 1
not_master	570 0 0.48 3 15 31 570 4 0 0
not_master	570 0.03 0.23 2 7 31 570 2 1 1
not_master	581 0 0.55 3 12 22 581 4 0 1
not_master	581 0.73 0.68 4 15 22 581 2 0 1
master	129 9.97 0.33 3 13 40 129 4 1 1
master	129 2.48 0.53 7 21 40 129 4 1 1
not_master	390 0 0.57 7 39 69 390 4 6 1
not_master	390 0.13 0.46 4 32 69 390 4 2 1
master	290 0 0.38 4 12 32 290 4 0 1
master	290 0.03 0.5 5 16 32 290 4 1 1
master	437 0 0.5 4 12 24 437 4 0 1
master	437 0 0.48 4 11 23 437 4 0 1
not_master	561 12.1 0.36 7 22 61 561 4 7 1
not_master	561 0 0.46 5 28 61 561 4 1 1
not_master	100 0.44 0.29 3 14 48 100 4 0 1
master	100 0 0.29 2 14 48 100 4 0 1
not_master	100 0.42 0.47 6 17 36 100 4 0 1
not_master	100 0 0.51 4 18 35 100 4 0 1
not_master	532 0.11 0.55 9 59 108 532 4 3 0
not_master	532 0 0.43 5 46 107 532 4 9 1
not_master	388 0.3 0.41 6 19 46 388 4 1 1
not_master	388 15.44 0.4 3 18 45 388 4 2 1
master	100 0 0.45 4 33 74 100 4 3 1
not_master	100 0 0.42 12 31 73 100 1 5 1
not_master	405 13.85 0.3 2 8 27 405 4 0 1
master	405 0 0.35 2 9 26 405 4 2 1
not_master	560 0 0.48 4 22 46 560 4 0 0
master	560 0 0.47 4 21 45 560 4 3 1
not_master	201 1.03 0.44 4 27 62 201 4 4 1
master	201 2.48 0.59 6 36 61 201 4 0 1
master	142 0 0.38 2 6 16 142 4 0 0
not_master	142 0.88 0.19 1 3 16 142 2 0 1
master	417 0 0.51 6 30 59 417 4 0 1
not_master	417 0 0.41 4 24 59 417 4 0 1
master	365 14.06 0.47 6 15 32 365 4 3 1
master	365 0 0.44 6 14 32 365 4 1 0
master	395 1.44 0.64 6 35 55 395 4 4 1
master	395 0 0.55 10 30 55 395 4 2 1
master	350 0.19 0.37 4 31 83 350 4 1 1
master	350 9.06 0.49 4 41 83 350 4 4 1
master	453 0 0.39 3 17 44 453 4 2 1
master	453 0.3 0.41 3 18 44 453 2 0 1
master	100 -0.32 0.51 7 33 65 100 4 6 1
not_master	100 0 0.58 11 37 64 100 4 3 0
not_master	100 0 0.46 4 36 79 100 2 1 1
not_master	100 0 0.38 4 30 78 100 2 0 1
not_master	314 13.87 0.55 3 21 38 314 4 4 1
not_master	314 0 0.47 7 18 38 314 4 2 1
master	380 31.15 0.52 5 14 27 380 4 0 1
master	380 1.81 0.56 4 15 27 380 4 1 0
master	140 0 0.33 3 12 36 140 4 0 1
not_master	140 0 0.43 3 15 35 140 2 2 1
not_master	142 1.4 0.4 4 14 35 142 4 0 1
not_master	142 1.53 0.47 5 16 34 142 2 1 1
not_master	583 0.42 0.45 4 17 38 583 4 0 1
not_master	583 6.19 0.41 4 15 37 583 4 3 1
not_master	104 0 0.47 10 22 47 104 4 3 1
not_master	104 0 0.47 8 22 47 104 1 1 1
not_master	100 0 0.52 6 33 64 100 4 1 1
not_master	100 0.79 0.49 4 31 63 100 4 2 1
master	114 15.14 0.35 3 13 37 114 4 1 1
not_master	114 0 0.41 4 15 37 114 4 0 1
not_master	324 -48.97 0.48 5 15 31 324 2 0 1
master	324 0 0.5 5 15 30 324 4 3 1
not_master	231 0.66 0.44 5 18 41 231 4 0 1
not_master	231 0 0.55 4 22 40 231 4 4 1
not_master	570 0 0.4 5 17 43 570 4 0 1
not_master	570 0.19 0.42 4 18 43 570 4 0 1
master	100 1.8 0.73 5 11 15 100 4 0 1
master	100 0.73 0.47 3 7 15 100 4 0 1
master	458 1.33 0.44 3 8 18 458 4 0 1
master	458 0 0.29 2 5 17 458 4 0 1
master	100 0 0.57 7 17 30 100 4 0 1
master	100 0 0.6 6 18 30 100 4 0 1
master	100 3.0 0.33 3 3 9 100 4 0 0
master	100 0 0.56 3 5 9 100 4 0 0
not_master	240 0 0.6 8 27 45 240 4 1 1
not_master	240 0 0.47 5 21 45 240 4 1 1
not_master	142 0 0.56 6 18 32 142 4 1 1
not_master	142 0 0.45 5 14 31 142 2 1 1
not_master	590 8.92 0.52 6 27 52 590 4 5 1
not_master	590 1.04 0.48 5 25 52 590 2 2 1
master	382 0 0.44 3 8 18 382 4 0 1
master	382 0 0.56 6 10 18 382 4 0 1
master	137 0.56 0.44 9 20 45 137 2 0 1
master	137 0.07 0.29 2 13 45 137 2 0 1
not_master	404 0.21 0.42 7 22 52 404 4 3 1
master	404 2.1 0.51 6 26 51 404 4 1 1
not_master	307 0 0.47 5 21 45 307 4 1 1
master	307 0 0.45 8 20 44 307 4 0 1
master	437 0.5 0.53 4 16 30 437 4 0 1
master	437 0 0.52 6 15 29 437 4 2 1
master	308 0.17 0.26 2 11 42 308 4 3 1
master	308 0 0.39 3 16 41 308 2 2 1
master	453 0 0.4 5 17 43 453 4 2 1
master	453 0 0.55 5 23 42 453 2 1 1
master	505 -1.29 0.5 4 12 24 505 4 1 1
master	505 3.29 0.54 8 13 24 505 4 0 1
master	137 1.32 0.4 7 21 53 137 4 1 1
master	137 4.5 0.44 4 23 52 137 2 0 1
master	466 0 0.47 4 26 55 466 4 2 1
master	466 0 0.54 8 29 54 466 4 4 1
not_master	142 0 0.52 9 27 52 142 4 2 1
not_master	142 0.31 0.42 4 22 52 142 2 1 1
not_master	142 0 0.4 2 10 25 142 4 3 1
master	142 14.5 0.46 6 11 24 142 2 0 0
not_master	296 0 0.31 2 10 32 296 4 0 1
not_master	296 12.48 0.39 3 12 31 296 4 3 1
master	244 0 0.47 2 14 30 244 4 0 1
master	244 0 0.47 3 14 30 244 4 0 1
master	251 -0.77 0.48 6 29 61 251 4 3 1
master	251 0 0.54 7 33 61 251 2 7 1
not_master	329 -40.25 0.46 4 13 28 329 4 0 1
master	329 0 0.63 5 17 27 329 4 1 1
master	458 -0.45 0.5 4 20 40 458 4 0 1
master	458 0.55 0.45 4 18 40 458 2 0 1
master	353 0.54 0.52 3 24 46 353 4 6 1
master	353 0 0.44 4 20 45 353 4 1 1
not_master	100 0.17 0.45 6 43 95 100 4 9 1
master	100 48.57 0.48 6 45 94 100 4 2 1
not_master	241 5.22 0.39 4 23 59 241 4 4 1
not_master	241 1.71 0.36 5 21 59 241 4 4 1
not_master	431 0 0.55 7 22 40 431 4 1 1
not_master	431 0.12 0.47 6 19 40 431 2 1 1
master	380 0.19 0.47 3 20 43 380 4 1 1
master	380 0 0.47 4 20 43 380 4 1 0
master	477 5.22 0.3 2 8 27 477 4 0 1
master	477 9.15 0.59 3 16 27 477 2 0 1
master	350 3.62 0.53 7 21 40 350 4 2 1
master	350 -1.7 0.4 3 16 40 350 4 2 1
master	521 0 0.39 3 13 33 521 4 2 1
not_master	521 0.03 0.39 3 13 33 521 4 1 1
not_master	213 0 0.45 6 24 53 213 2 0 1
not_master	213 5.33 0.52 5 27 52 213 4 4 1
not_master	142 0 0.42 3 15 36 142 4 0 1
not_master	142 0.22 0.42 4 15 36 142 2 0 1
master	208 0 0.42 6 27 64 208 4 1 1
master	208 0 0.57 6 36 63 208 4 5 1
not_master	223 8.15 0.48 6 13 27 223 4 2 1
not_master	223 -1.52 0.48 4 13 27 223 4 1 1
master	427 -0.16 0.43 4 25 58 427 4 8 1
master	427 0.16 0.4 5 23 57 427 4 5 1
not_master	206 0 0.4 3 14 35 206 4 0 1
not_master	206 0 0.43 6 15 35 206 2 3 1
not_master	142 46.2 0.58 6 26 45 142 4 9 1
not_master	142 0 0.42 6 19 45 142 2 0 1
master	290 1.35 0.52 5 12 23 290 4 0 1
master	290 0 0.48 2 11 23 290 4 0 1
master	458 -12.58 0.37 3 16 43 458 4 1 1
master	458 12.88 0.38 5 16 42 458 2 2 1
not_master	435 0 0.57 8 36 63 435 4 7 0
not_master	435 0.84 0.53 6 33 62 435 4 8 1
master	405 0 0.51 8 20 39 405 4 0 1
master	405 0 0.47 5 18 38 405 4 6 1
not_master	142 0 0.42 4 22 52 142 4 4 1
not_master	142 1.59 0.41 3 21 51 142 2 4 1
not_master	431 1.26 0.49 7 17 35 431 4 1 1
not_master	431 1.29 0.51 5 18 35 431 4 2 1
master	437 0 0.46 6 27 59 437 4 2 1
master	437 0.24 0.46 4 27 59 437 4 10 1
not_master	415 -17.49 0.46 8 28 61 415 4 7 1
not_master	415 0 0.42 2 25 60 415 4 23 1
not_master	200 0.46 0.39 6 22 56 200 4 3 1
not_master	200 0 0.47 4 26 55 200 4 3 1
not_master	100 19.23 0.42 8 31 74 100 4 17 1
master	100 0 0.32 3 24 74 100 4 3 1
master	453 -0.83 0.23 2 7 30 453 4 0 1
master	453 18.5 0.53 4 16 30 453 2 0 1
not_master	361 12.46 0.32 3 9 28 361 4 3 1
not_master	361 -2.29 0.39 2 11 28 361 4 0 0
not_master	240 0.1 0.48 4 15 31 240 4 2 1
master	240 0 0.63 6 19 30 240 4 0 1
not_master	535 0 0.19 2 10 54 535 4 2 1
not_master	535 0 0.45 6 24 53 535 4 1 1
master	243 0 0.45 3 14 31 243 4 2 1
not_master	243 0 0.35 3 11 31 243 4 0 0
not_master	437 -3.92 0.49 4 25 51 437 4 2 1
master	437 0 0.62 8 31 50 437 4 6 1
master	100 -1.3 0.58 6 19 33 100 2 0 1
not_master	100 0 0.61 5 20 33 100 2 6 1
master	100 5.57 0.54 4 15 28 100 4 5 1
not_master	100 0 0.71 6 20 28 100 4 0 1
master	302 2.03 0.45 6 17 38 302 4 1 0
master	302 0 0.43 4 16 37 302 4 1 1
not_master	223 0 0.48 4 25 52 223 4 0 1
not_master	223 0 0.47 4 24 51 223 4 6 1
not_master	100 0.59 0.34 3 10 29 100 4 2 1
master	100 0.9 0.41 5 12 29 100 1 2 0
not_master	200 1.87 0.47 4 21 45 200 4 0 1
not_master	200 0.47 0.42 5 19 45 200 2 2 1
not_master	140 0.81 0.51 5 19 37 140 4 0 1
not_master	140 -1.14 0.22 1 8 37 140 4 0 1
master	100 1.47 0.34 6 11 32 100 4 2 1
master	100 0.68 0.35 4 11 31 100 4 0 1
not_master	104 0 0.56 4 22 39 104 4 1 1
master	104 4.33 0.31 4 12 39 104 4 4 1
not_master	212 26.42 0.42 2 8 19 212 4 2 1
not_master	212 0 0.53 6 10 19 212 2 1 1
master	142 1.45 0.34 3 18 53 142 4 3 1
not_master	142 1.02 0.21 2 11 53 142 2 0 0
master	121 0 0.44 4 12 27 121 4 1 1
master	121 2.88 0.46 3 12 26 121 2 0 1
master	143 3.68 0.44 5 18 41 143 4 0 1
master	143 10.35 0.3 6 12 40 143 4 0 1
not_master	318 0 0.59 4 16 27 318 4 0 0
not_master	318 2.3 0.26 2 7 27 318 2 1 1
master	437 0.89 0.49 6 17 35 437 4 0 0
master	437 1.26 0.47 3 16 34 437 2 2 1
not_master	307 1.07 0.47 4 14 30 307 4 0 1
not_master	307 0 0.34 4 10 29 307 4 0 1
not_master	397 0 0.46 3 26 57 397 4 0 1
not_master	397 0 0.52 6 29 56 397 4 9 1
not_master	445 4.44 0.39 3 14 36 445 4 0 1
not_master	445 5.46 0.46 4 16 35 445 4 8 1
not_master	535 7.62 0.33 2 13 39 535 4 0 1
not_master	535 0 0.37 4 14 38 535 4 1 1
not_master	243 -3.0 0.33 3 11 33 243 4 0 1
not_master	243 0 0.38 6 12 32 243 4 3 1
not_master	290 0 0.46 3 16 35 290 4 1 1
not_master	290 0 0.43 3 15 35 290 4 1 1
not_master	478 0 0.38 5 30 79 478 4 5 1
not_master	478 0 0.27 4 21 79 478 4 0 1
not_master	581 4.69 0.57 8 35 61 581 4 4 0
master	581 2.0 0.6 7 36 60 581 2 6 1
master	100 0 0.27 2 10 37 100 4 1 1
not_master	100 1.95 0.43 3 16 37 100 4 1 1
not_master	142 0 0.4 4 19 47 142 4 2 0
not_master	142 0.15 0.49 4 23 47 142 2 3 1
master	116 0 0.46 3 21 46 116 4 1 1
master	116 0 0.3 3 14 46 116 4 1 1
master	100 1.52 0.61 8 19 31 100 4 0 1
master	100 0.39 0.32 4 10 31 100 4 1 1
not_master	500 0 0.46 4 11 24 500 4 0 1
not_master	500 0 0.48 6 11 23 500 4 0 1
not_master	506 0 0.5 5 27 54 506 4 3 1
not_master	506 0.22 0.52 5 28 54 506 4 1 1
master	109 7.0 0.45 5 13 29 109 4 0 1
not_master	109 0 0.46 5 13 28 109 4 4 1
master	437 0.27 0.46 6 19 41 437 4 1 1
master	437 0.78 0.33 3 13 40 437 4 0 1
not_master	100 0.93 0.3 4 9 30 100 4 0 1
master	100 0 0.4 4 12 30 100 4 0 1
not_master	256 0 0.4 5 27 68 256 4 1 1
not_master	256 0.04 0.37 4 25 68 256 4 3 1
master	100 0.83 0.47 3 14 30 100 4 0 1
master	100 0.21 0.41 3 12 29 100 4 3 1
master	369 0.02 0.48 4 29 60 369 4 5 1
master	369 0.31 0.44 9 26 59 369 4 4 1
not_master	201 -98.45 0.35 4 11 31 201 4 4 1
not_master	201 0 0.53 9 16 30 201 1 3 1
master	100 0 0.45 5 23 51 100 4 5 1
not_master	100 4.08 0.37 3 19 51 100 4 2 1
not_master	590 0.23 0.32 4 14 44 590 4 2 1
not_master	590 0 0.6 10 26 43 590 2 4 1
master	142 0 0.32 2 11 34 142 4 2 1
master	142 0 0.36 3 12 33 142 2 1 0
master	367 3.45 0.41 4 23 56 367 4 1 1
master	367 0.61 0.41 4 23 56 367 4 0 1
master	129 -0.55 0.45 7 10 22 129 4 0 1
master	129 1.09 0.41 3 9 22 129 4 0 1
not_master	145 0.44 0.37 3 10 27 145 2 2 0
not_master	145 0 0.58 5 15 26 145 4 0 0
not_master	146 -3.62 0.35 5 13 37 146 4 1 1
master	146 0 0.58 7 21 36 146 4 2 1
master	104 0 0.38 2 13 34 104 4 0 0
master	104 0 0.5 3 17 34 104 4 5 0
not_master	222 0.89 0.32 3 12 37 222 2 0 1
not_master	222 0 0.5 4 18 36 222 4 2 1
master	297 13.23 0.43 6 13 30 297 4 0 1
master	297 6.27 0.47 3 14 30 297 4 1 0
not_master	100 0.82 0.18 1 3 17 100 4 0 1
master	100 0 0.38 4 6 16 100 2 0 1
master	114 0.84 0.48 4 15 31 114 4 0 1
master	114 0 0.45 3 14 31 114 4 1 1
master	382 0 0.53 4 26 49 382 4 0 1
master	382 0 0.51 4 25 49 382 4 0 1
not_master	200 7.34 0.41 3 13 32 200 4 5 1
not_master	200 0.62 0.56 5 18 32 200 2 0 1
master	297 1.21 0.46 3 22 48 297 4 7 1
master	297 0 0.48 5 23 48 297 4 5 0
master	380 2.83 0.38 2 16 42 380 4 0 1
master	380 2.41 0.51 4 21 41 380 4 0 1
master	100 0 0.51 5 35 68 100 2 8 1
not_master	100 0 0.46 5 31 68 100 4 4 1
not_master	305 0 0.52 6 13 25 305 4 5 1
not_master	305 0 0.36 3 9 25 305 4 0 1
master	232 0 0.56 5 31 55 232 4 0 1
not_master	232 0.04 0.45 5 25 55 232 4 0 1
not_master	405 -0.1 0.52 8 41 79 405 4 4 1
not_master	405 0 0.6 7 47 78 405 4 1 1
master	367 0.05 0.51 5 22 43 367 4 3 1
master	367 0 0.65 5 28 43 367 4 1 1
master	201 0 0.54 6 22 41 201 4 0 1
not_master	201 0.73 0.39 2 16 41 201 1 0 1
master	296 0 0.52 2 16 31 296 4 3 1
master	296 0.45 0.39 3 12 31 296 4 1 1
not_master	100 0 0.52 5 15 29 100 4 0 1
not_master	100 3.45 0.28 3 8 29 100 4 0 1
not_master	402 0.14 0.44 4 22 50 402 4 1 1
not_master	402 0 0.47 8 23 49 402 2 4 1
not_master	100 0 0.48 4 29 60 100 2 1 1
not_master	100 0.37 0.42 9 25 60 100 2 3 1
not_master	105 -3.07 0.21 2 3 14 105 4 0 1
not_master	105 10.64 0.29 2 4 14 105 4 1 1
not_master	360 0.05 0.56 14 34 61 360 4 8 1
not_master	360 0.05 0.53 10 32 60 360 4 7 1
master	515 0 0.39 3 17 44 515 4 0 1
master	515 0 0.44 6 19 43 515 4 1 1
not_master	570 0 0.48 8 24 50 570 4 3 1
not_master	570 0.3 0.38 3 19 50 570 2 0 1
master	100 0 0.35 2 14 40 100 2 1 1
not_master	100 0.01 0.62 23 91 147 100 4 7 1
not_master	100 -32.85 0.51 5 21 41 100 4 3 0
master	100 0 0.35 2 14 40 100 2 1 1
master	122 0.1 0.51 7 41 80 122 4 6 1
master	122 0.71 0.53 7 42 79 122 4 3 1
master	354 0.12 0.51 9 42 83 354 4 2 1
master	354 0 0.51 8 42 83 354 4 4 1
not_master	570 0 0.48 8 24 50 570 4 3 1
not_master	100 1.4 0.42 4 18 43 100 2 0 1
not_master	100 3.77 0.49 5 21 43 100 4 0 0
master	100 -0.81 0.39 5 12 31 100 2 0 1
not_master	100 0 0.47 4 14 30 100 4 0 1
not_master	100 0 0.54 5 32 59 100 4 2 1
not_master	100 0.03 0.41 3 24 59 100 4 0 1
not_master	142 0 0.23 2 10 43 142 4 1 1
not_master	142 0 0.31 2 13 42 142 2 3 1
master	542 0 0.47 6 14 30 542 4 1 1
master	542 0 0.52 4 15 29 542 4 0 1
master	187 -2.96 0.48 6 35 73 187 4 4 1
not_master	187 0 0.54 11 39 72 187 4 2 1
