not_master	175 0 100 -29 341 13.71 2.74 0.0 0 -650 63 13 6 0.48 0.5 0.52 27 1 2 2 0.5 0.45 0.1 0.05 0.4 0.25 7 0 1 19
not_master	175 0 100 0 290 0.0 0 0 0 -100 496 10 3 0.38 0.3 0.36 26 2 2 4 0.3 0.15 0.3 0.25 0.2 0.3 5 3 1 12
master	175 0 100 -64 87 2.7 0.48 0 0 -118 84 16 4 0.48 0.4 0.48 33 1 4 4 0.6 0.45 0.2 0.1 0.1 0.2 9 0 1 9
not_master	175 0 100 -22 84 3.54 0.64 0.0 0 -109 70 16 7 0.48 0.4 0.6 33 4 4 4 0.7 0.45 0.1 0.2 0.2 0.15 2 0 1 10
master	175 0 129 -1 131 2.47 0.4 0.0 0.0 -122 85 17 4 0.42 0.5 0.56 40 2 4 4 0.5 0.5 0.3 0.15 0.2 0.25 5 0 1 13
master	175 0 129 -177 110 0.0 0 0 0 -174 147 14 3 0.36 0.5 0.36 39 1 4 4 0.3 0.3 0.3 0.3 0.4 0.35 9 1 1 14
master	175 0 380 0 175 9.71 1.57 0.0 0.0 -67 270 24 8 0.6 0.4 0.6 40 4 4 2 0.5 0.45 0.2 0.2 0.3 0.25 0 1 1 9
master	175 0 380 -61 86 13.26 2.15 0 0 -275 0 22 8 0.55 0.4 0.6 40 3 4 4 0.5 0.3 0.4 0.45 0.1 0.15 1 1 1 32
master	175 0 100 -15 73 5.29 1.0 0 0 -86 80 11 4 0.37 0.6 0.36 30 4 4 4 0.5 0.3 0.2 0.25 0.2 0.15 3 0 1 17
master	175 0 100 -14 133 0.0 0 0 0 -166 11 10 2 0.34 0.4 0.32 29 0 4 2 0.5 0.3 0.1 0.15 0.3 0.25 4 2 1 12
not_master	175 0 246 -26 1047 0.0 0 0 0.0 -203 2097 25 5 0.49 0.5 0.52 51 4 4 4 0.4 0.35 0.4 0.25 0.1 0.15 2 2 1 15
not_master	175 0 246 -110 136 0.0 0 0 0 -2231 121 20 3 0.39 0.2 0.32 51 2 4 4 0.6 0.45 0.2 0.15 0.1 0.25 3 0 1 30
master	175 0 268 -79 447 9.35 1.3 0 0.0 -468 90 23 3 0.43 0.3 0.44 54 3 4 4 0.4 0.2 0.3 0.3 0.2 0.3 1 5 1 15
master	175 0 268 -11 166 4.04 0.57 0.0 0.0 -447 83 23 3 0.43 0.4 0.4 53 0 4 4 0.6 0.35 0.2 0.25 0.2 0.15 0 1 1 20
master	175 0 431 -17 431 2.59 -0.41 0.0 0 -435 522 19 5 0.46 0.2 0.32 41 2 4 4 0.6 0.4 0.2 0.3 0.2 0.1 7 4 0 0
master	175 0 431 -253 307 0.0 0 0 0.0 -433 135 20 6 0.5 0.3 0.4 40 2 2 2 0.6 0.35 0.1 0.15 0.3 0.25 4 3 1 18
master	175 0 281 -55 726 0.0 0 0 0 -666 101 15 5 0.42 0.3 0.28 36 1 4 4 0.5 0.4 0.3 0.25 0.1 0.15 8 0 1 25
master	175 0 281 0 408 66.99 11.66 0.0 0 -476 62 13 3 0.37 0.5 0.4 35 1 4 4 0.6 0.4 0.4 0.35 0.0 0.1 9 1 1 32
not_master	175 0 520 -32 215 28.6 4.47 0.0 0.0 -729 23 23 7 0.53 0.4 0.6 43 4 4 4 0.8 0.55 0.2 0.1 0.0 0.1 3 3 0 0
not_master	175 0 520 -86 335 0.0 0 0.0 0 -50 549 28 9 0.67 0.6 0.64 42 3 4 2 0.6 0.5 0.2 0.2 0.2 0.1 3 2 1 8
master	175 0 209 0 149 9.58 1.48 0 0 -158 153 17 4 0.39 0.4 0.36 44 4 4 4 0.5 0.45 0.2 0.1 0.2 0.25 3 0 1 19
master	175 0 209 -47 182 0.0 0 0 0 -218 28 21 3 0.48 0.2 0.4 44 4 4 1 0.4 0.2 0.1 0.3 0.2 0.2 8 1 1 16
not_master	175 0 511 -5 5018 138.76 20.68 0.0 0.0 -53 5273 25 5 0.53 0.4 0.52 47 0 4 4 0.4 0.25 0.3 0.2 0.1 0.15 4 2 0 0
not_master	175 0 511 -763 473 108.93 -16.23 0 0 -5297 48 22 5 0.47 0.4 0.4 47 0 4 4 0.5 0.35 0.3 0.2 0.2 0.3 1 3 1 8
master	175 0 180 -590 1022 0.0 0 0 0 -590 1011 16 4 0.41 0.1 0.36 39 1 4 2 0.4 0.3 0.2 0.3 0.3 0.15 12 2 0 0
not_master	175 0 180 0 750 9.83 1.62 0 0 -1386 21 13 3 0.33 0.4 0.32 39 4 4 4 0.6 0.45 0.2 0.1 0.1 0.15 7 0 1 16
not_master	175 0 142 -2 310 0.0 0 0 0 8 650 14 4 0.39 0.5 0.4 36 4 4 4 0.4 0.35 0.2 0.2 0.4 0.2 6 0 1 13
not_master	175 0 142 0 1099 0.32 0.06 0.0 0.0 -1595 0 12 4 0.33 0.1 0.32 36 3 2 4 0.4 0.35 0.2 0.15 0.4 0.2 5 0 1 30
master	175 0 365 -1 89 1.48 0.21 0 0.0 -132 75 27 4 0.51 0.4 0.36 53 4 4 2 0.5 0.35 0.1 0.4 0.4 0.25 3 5 1 11
master	175 0 365 -21 379 0.0 0 0 0 -323 114 29 7 0.56 0.4 0.44 52 4 4 4 0.5 0.4 0.2 0.2 0.2 0.15 5 1 1 10
not_master	175 0 100 0 85 7.2 2.07 0.0 0 -77 64 8 2 0.57 0.6 0 14 2 4 4 0.6 0 0.3 0 0.1 0.25 0 0 0 0
master	175 0 100 0 132 0.0 0 0 0 -161 8 7 3 0.54 0.4 0 13 3 4 4 0.4 0 0.4 0 0.1 0.15 1 0 0 0
not_master	175 0 142 -18 379 9.79 1.76 0.0 0.0 -381 150 10 4 0.3 0.2 0.36 33 2 4 4 0.4 0.4 0.4 0.35 0.1 0.2 3 1 1 17
not_master	175 0 142 -7 441 12.66 2.27 0.0 0.0 -320 3 10 3 0.3 0.2 0.36 33 2 2 4 0.7 0.5 0.2 0.15 0.1 0.15 4 0 1 16
not_master	175 0 142 -22 153 0.0 0 0 0.0 -16 310 26 7 0.63 0.5 0.56 41 2 4 4 0.4 0.35 0.2 0.2 0.2 0.25 1 3 1 21
not_master	175 0 142 -8 190 10.36 1.66 0 0 -362 15 17 3 0.41 0.2 0.4 41 0 2 2 0.5 0.45 0.1 0.2 0.3 0.15 0 0 0 0
not_master	175 0 302 -11 496 2.28 0.34 0.0 0 -1289 73 18 2 0.38 0.3 0.32 47 4 4 4 0.6 0.45 0.2 0.25 0.1 0.2 5 0 1 19
not_master	175 0 302 0 605 0.0 0 0.0 0 -389 1254 24 8 0.52 0.6 0.48 46 3 4 4 0.4 0.4 0.3 0.3 0.1 0.2 6 1 1 42
not_master	175 0 100 -36 565 1.39 0.2 0 0.0 -583 465 31 8 0.62 0.4 0.56 50 4 4 4 0.5 0.25 0.3 0.3 0.2 0.25 4 7 1 41
not_master	175 0 100 -31 148 0.0 0 0 0.0 -473 77 29 9 0.58 0.4 0.44 50 0 1 1 0.5 0.4 0.2 0.25 0.1 0.15 7 5 0 0
not_master	175 0 573 -29 232 16.66 1.9 0 0.0 -201 311 28 6 0.35 0.2 0.36 79 3 4 2 0.6 0.45 0.1 0.2 0.2 0.25 15 5 1 27
not_master	175 0 573 -114 350 0.0 0 0 0 -480 0 32 3 0.41 0.2 0.2 79 4 2 4 0.5 0.4 0.4 0.3 0.1 0.2 11 1 1 10
master	175 0 290 -27 369 0.0 0 0.0 0 -522 89 20 5 0.54 0.5 0.4 37 0 4 4 0.7 0.5 0.3 0.3 0.0 0.05 3 0 1 25
master	175 0 290 -249 205 1.46 0.25 0.0 0.0 -148 389 15 5 0.42 0.4 0.48 36 1 4 4 0.6 0.4 0.2 0.25 0.2 0.15 11 11 1 24
not_master	175 0 219 0 132 0.0 0 0.0 0.0 -51 412 22 7 0.61 0.7 0.56 36 2 4 4 0.4 0.3 0.4 0.3 0.1 0.2 4 3 1 23
not_master	175 0 219 -81 152 8.1 -1.39 0 0 -217 46 20 4 0.56 0.6 0.52 36 1 4 4 0.5 0.35 0.1 0.2 0.4 0.25 9 0 1 26
master	175 0 100 -18 208 26.4 3.47 0.0 0 -227 56 35 5 0.58 0.4 0.44 60 2 4 4 0.4 0.3 0.4 0.2 0.2 0.25 2 2 1 13
not_master	175 0 100 0 381 0.38 0.05 0.0 0.0 -369 227 27 7 0.45 0.6 0.48 60 3 4 4 0.5 0.4 0.2 0.15 0.1 0.25 4 4 1 10
master	175 0 443 -9 430 82.56 17.2 0 0 -43 829 15 13 0.6 0.2 0.6 25 3 4 4 0.6 0.4 0.3 0.35 0.1 0.1 4 4 1 13
not_master	175 0 443 -246 99 3.84 0.8 0 0 -933 0 7 3 0.28 0.2 0.28 25 0 4 4 0.5 0.5 0.2 0.1 0.2 0.15 3 0 1 14
not_master	175 0 134 0 266 25.05 3.65 0.0 0.0 -73 416 25 4 0.51 0.4 0.44 49 0 4 4 0.3 0.3 0.2 0.3 0.1 0.05 3 1 0 0
not_master	175 0 134 -10 494 0.28 0.04 0.0 0 -658 58 22 4 0.45 0.4 0.4 49 4 4 4 0.3 0.3 0.7 0.45 0.0 0.2 1 4 1 42
master	175 0 402 -1 74 0.0 0 0.0 0.0 -120 77 33 11 0.59 0.4 0.48 56 4 4 4 0.5 0.35 0.2 0.2 0.3 0.2 2 5 0 0
master	175 0 402 0 267 1.06 0.15 0 0.0 -237 368 26 6 0.47 0.2 0.4 55 4 4 4 0.6 0.45 0.3 0.2 0.1 0.2 2 2 1 20
not_master	175 0 230 -16 271 0.0 0 0.0 0 3 1455 16 4 0.46 0.4 0.44 35 1 4 4 0.4 0.25 0.2 0.15 0.3 0.25 9 5 1 9
not_master	175 0 230 -9 228 0.0 0 0.0 0 -1852 0 15 3 0.43 0.5 0.48 35 1 4 4 0.4 0.25 0.2 0.15 0.2 0.15 12 1 0 0
master	175 0 122 -27 170 0.89 0.09 0 0.0 -147 75 51 6 0.5 0.6 0.6 101 3 4 4 0.6 0.45 0.3 0.3 0.1 0.05 2 17 1 11
master	175 0 122 -65 170 1.28 0.13 0.0 0 -157 139 53 11 0.52 0.6 0.68 101 4 2 3 0.6 0.35 0.1 0.1 0.2 0.25 7 6 1 8
master	175 0 296 -16 726 0.0 0 0.0 0.0 -232 1302 21 5 0.58 0.3 0.48 36 2 4 4 0.4 0.3 0.3 0.2 0.3 0.3 6 5 1 23
master	175 0 296 -68 550 0.16 0.03 0.0 0 -1337 0 13 6 0.36 0.1 0.2 36 0 4 1 0.6 0.45 0.1 0.25 0.1 0.1 4 2 0 0
not_master	175 0 219 -86 325 0.17 0.03 0.0 0 -341 91 13 4 0.38 0.7 0.48 34 1 4 4 0.4 0.35 0.4 0.25 0.1 0.2 6 0 1 23
master	175 0 219 -29 382 63.58 11.24 0 0.0 -179 296 20 6 0.59 0.7 0.6 34 2 4 4 0.5 0.35 0.1 0.2 0.4 0.35 6 1 1 34
not_master	175 0 107 -113 893 0.0 0 0 0 -1055 24 7 3 0.22 0.0 0.2 32 4 4 4 0.5 0.35 0.3 0.25 0.1 0.15 6 1 1 7
master	175 0 107 -1 258 0.0 0 0 0.0 -10 650 16 3 0.52 0.4 0.52 31 2 4 4 0.5 0.4 0.2 0.25 0.2 0.15 3 4 1 10
master	175 0 506 -505 512 1.11 0.18 0 0 -505 10 19 4 0.5 0.3 0.4 38 4 2 4 0.5 0.45 0.4 0.35 0.1 0.1 3 0 1 13
master	175 0 506 -2 362 1.89 0.32 0 0 -316 118 13 4 0.34 0.3 0.44 38 4 4 4 0.6 0.45 0.2 0.15 0.2 0.25 2 0 1 10
master	175 0 440 0 83 0.0 0 0 0 -63 35 9 2 0.29 0.2 0.24 31 3 4 4 0.6 0.35 0.2 0.1 0.1 0.15 0 1 0 0
master	175 0 440 -8 69 0.0 0 0 0 -80 53 11 2 0.35 0.3 0.32 31 3 4 4 0.6 0.45 0.2 0.1 0.2 0.15 1 2 1 18
not_master	175 0 367 -23 103 4.23 1.33 0 0 -50 55 6 3 0.5 0.6 0 12 1 4 2 0.2 0 0.1 0 0.2 0.15 7 3 1 7
master	175 0 367 -24 99 0.0 0 0.0 0 -79 41 9 7 0.82 0.8 0 11 1 4 4 0.2 0 0.4 0 0.0 0.15 5 0 0 0
master	175 0 308 0 177 9.11 1.16 0 0 -66 257 29 6 0.45 0.2 0.36 64 4 4 4 0.4 0.35 0.3 0.25 0.2 0.1 3 2 1 25
master	175 0 308 -35 284 7.07 0.9 0.0 0 -440 32 29 4 0.46 0.4 0.4 63 3 2 2 0.5 0.35 0.1 0.3 0.3 0.15 3 6 1 16
master	175 0 204 -321 181 1.95 0.23 0 0 -416 125 32 4 0.43 0.5 0.4 74 4 4 2 0.6 0.4 0.2 0.2 0.2 0.3 3 9 1 21
master	175 0 204 0 691 0.0 0 0.0 0 -601 371 39 13 0.53 0.4 0.36 73 0 4 4 0.5 0.35 0.4 0.4 0.1 0.2 5 4 1 14
not_master	175 0 226 -3 210 0.0 0 0 0 -70 636 11 3 0.32 0.1 0.24 34 3 4 2 0.4 0.5 0.3 0.3 0.2 0.15 4 2 1 21
not_master	175 0 226 -20 139 0.0 0 0 0 -645 0 15 5 0.44 0.2 0.32 34 3 4 4 0.5 0.45 0.3 0.3 0.1 0.15 3 0 1 28
not_master	175 0 141 0 285 0.0 0 0 0 -22 829 19 4 0.47 0.3 0.48 40 3 2 2 0.4 0.45 0.2 0.3 0.3 0.15 4 4 1 21
not_master	175 0 141 0 195 3.39 0.55 0 0 -931 8 20 5 0.5 0.3 0.52 40 4 4 4 0.5 0.4 0.3 0.3 0.1 0.05 4 1 1 16
not_master	175 0 236 -52 1110 0.0 0 0 0.0 -1041 460 28 4 0.38 0.5 0.52 73 3 4 4 0.4 0.5 0.3 0.2 0.1 0.1 12 6 1 27
not_master	175 0 236 -50 692 0.0 0 0 0 -829 22 31 3 0.42 0.5 0.44 73 4 4 4 0.6 0.35 0.3 0.35 0.1 0.1 8 1 1 18
not_master	175 0 212 -20 251 0.0 0 0.0 0 -82 1096 24 6 0.56 0.5 0.48 43 3 2 2 0.5 0.5 0.2 0.2 0.2 0.15 7 6 1 21
not_master	175 0 212 -4 851 0.3 0.05 0 0 -1122 20 16 3 0.37 0.3 0.36 43 4 2 2 0.5 0.4 0.1 0.2 0.3 0.2 3 1 1 34
not_master	175 0 576 -61 97 0.0 0 0 0.0 -284 100 40 6 0.62 0.7 0.52 65 0 4 4 0.7 0.45 0.2 0.15 0.1 0.25 4 3 1 19
not_master	175 0 576 0 446 54.88 6.97 0 0.0 -222 236 27 4 0.42 0.4 0.48 64 4 4 4 0.6 0.5 0.2 0.2 0.1 0.2 3 15 1 10
master	175 0 365 -48 124 0.0 0 0 0 -94 89 15 3 0.41 0.4 0.4 37 4 4 2 0.6 0.4 0.2 0.25 0.2 0.2 0 3 1 11
master	175 0 365 -51 81 0.0 0 0 0.0 -132 62 20 7 0.56 0.4 0.48 36 4 4 4 0.5 0.3 0.2 0.25 0.1 0.25 3 1 1 10
master	175 0 382 0 155 13.56 2.17 0 0.0 -149 92 18 3 0.44 0.3 0.48 41 2 4 2 0.5 0.4 0.2 0.3 0.3 0.3 3 0 1 9
master	175 0 382 -50 549 11.56 1.88 0 0 -570 74 20 4 0.5 0.6 0.52 40 2 4 4 0.5 0.45 0.3 0.2 0.2 0.25 7 0 1 20
not_master	175 0 100 -87 387 21.0 3.97 0 0 -888 -43 14 4 0.47 0.5 0.52 30 4 2 2 0.5 0.25 0.2 0.2 0.3 0.2 4 2 0 0
not_master	175 0 100 0 194 0.0 0 0.0 0 -21 799 20 7 0.69 0.8 0.76 29 2 2 3 0.3 0.2 0.3 0.35 0.1 0.25 1 3 1 8
master	175 0 508 -20 738 45.81 7.63 0 0 -852 113 14 3 0.37 0.2 0.32 38 3 4 3 0.5 0.55 0.2 0.15 0.1 0.15 4 1 1 11
not_master	175 0 508 0 265 0.0 0 0 0 -324 340 17 4 0.45 0.4 0.48 38 3 4 4 0.4 0.35 0.4 0.4 0.1 0.15 5 0 1 12
not_master	175 0 355 -99 347 3.9 0.53 0 0 -1263 122 28 5 0.49 0.4 0.56 57 2 4 4 0.4 0.4 0.3 0.25 0.2 0.2 2 4 1 9
not_master	175 0 355 -49 799 0.0 0 0 0 -872 1312 29 7 0.51 0.4 0.32 57 0 4 4 0.5 0.45 0.3 0.25 0.1 0.1 6 1 1 16
master	175 0 217 -17 1123 0.0 0 0 0.0 -463 690 19 5 0.58 0.5 0.48 33 3 4 4 0.3 0.25 0.6 0.4 0.1 0.15 9 4 1 15
not_master	175 0 217 -366 181 0.0 0 0 0 -637 383 14 3 0.42 0.3 0.4 33 1 4 4 0.7 0.45 0.2 0.2 0.1 0.15 6 0 1 20
not_master	175 0 142 -13 565 0.0 0 0.0 0 -108 733 12 4 0.44 0.5 0.44 27 2 4 4 0.5 0.5 0.2 0.1 0.3 0.3 1 4 1 25
not_master	175 0 142 0 460 2.59 0.52 0 0 -876 0 13 3 0.48 0.4 0.44 27 0 2 4 0.5 0.45 0.3 0.2 0.1 0.05 2 0 0 0
not_master	175 0 100 -18 48 0.35 0.07 0.0 0 -43 69 9 3 0.3 0.6 0.32 30 0 2 2 0.5 0.25 0.2 0.25 0.3 0.2 3 1 1 19
master	175 0 100 -22 50 0.0 0 0 0.0 -83 27 15 6 0.5 0.7 0.56 30 0 4 4 0.5 0.35 0.2 0.15 0.2 0.25 2 1 1 20
not_master	175 0 147 -64 121 23.67 5.04 0 0 -305 73 9 1 0.38 0.3 0 24 2 4 4 0.3 0.3 0.2 0.1 0.2 0.25 4 0 1 9
master	175 0 147 0 149 0.0 0 0 0 -130 266 11 5 0.48 0.3 0 23 3 4 4 0.6 0.4 0.2 0.2 0.2 0.15 1 0 1 16
not_master	175 0 130 -34 1107 0.8 0.14 0 0 -1064 359 18 5 0.49 0.3 0.4 37 1 4 4 0.5 0.35 0.3 0.25 0.1 0.1 8 0 1 9
not_master	175 0 130 -36 208 3.68 0.62 0.0 0 -105 369 20 7 0.54 0.3 0.56 37 3 4 4 0.5 0.4 0.2 0.25 0.2 0.15 3 1 1 22
master	175 0 377 -8 136 24.0 4.53 0 0 -111 81 15 3 0.5 0.4 0.48 30 3 4 2 0.3 0.4 0.4 0.25 0.3 0.25 6 4 1 23
master	175 0 377 0 159 0.0 0 0 0.0 -137 13 16 5 0.53 0.4 0.56 30 2 4 4 0.5 0.4 0.3 0.25 0.2 0.25 4 0 1 24
not_master	175 0 100 -81 119 7.59 -1.43 0 0.0 -91 121 12 5 0.4 0.4 0.36 30 4 4 4 0.5 0.4 0.3 0.2 0.2 0.2 4 0 1 29
master	175 0 100 -2 767 10.77 2.03 0.0 0 -711 68 10 4 0.33 0.5 0.4 30 3 4 4 0.5 0.4 0.2 0.2 0.3 0.15 3 0 1 36
not_master	175 0 224 -15 156 4.52 0.84 0 0 -405 50 12 3 0.39 0.1 0.44 31 3 4 2 0.5 0.5 0.2 0.2 0.2 0.1 5 0 1 25
not_master	175 0 224 0 513 0.0 0 0 0.0 -387 393 13 3 0.43 0.2 0.4 30 2 4 4 0.6 0.55 0.2 0.2 0.1 0.1 3 1 1 26
master	175 0 220 0 411 24.39 3.52 0 0 -100 424 19 4 0.38 0.2 0.24 50 4 2 2 0.6 0.5 0.1 0.15 0.2 0.2 7 1 1 13
master	175 0 220 -52 115 3.5 0.51 0 0 -469 14 22 4 0.45 0.4 0.4 49 4 4 4 0.4 0.45 0.4 0.25 0.1 0.15 8 1 1 14
not_master	175 0 100 -20 184 0.13 -0.02 0 0 -699 111 35 7 0.57 0.3 0.48 61 3 4 2 0.5 0.35 0.2 0.25 0.3 0.25 6 0 1 9
master	175 0 100 -21 376 35.67 4.68 0 0 -329 497 32 4 0.53 0.4 0.52 60 3 4 4 0.4 0.4 0.4 0.3 0.2 0.25 6 2 1 48
not_master	175 0 142 -13 459 74.31 14.85 0 0 -274 792 8 2 0.3 0.2 0.32 27 1 4 4 0.5 0.65 0.2 0.1 0.2 0.15 4 0 1 21
not_master	175 0 142 -35 164 2.04 0.41 0 0 -1681 0 8 2 0.3 0.2 0.32 27 2 2 4 0.5 0.35 0.3 0.2 0.2 0.3 4 0 0 0
not_master	175 0 100 -268 709 0.0 0 0 0.0 -541 1015 36 5 0.55 0.6 0.56 66 1 4 4 0.4 0.3 0.4 0.25 0.1 0.25 18 5 1 23
not_master	175 0 100 -15 1115 93.22 11.65 0.0 0 -1827 156 34 7 0.52 0.7 0.56 66 1 4 4 0.5 0.45 0.1 0.15 0.4 0.25 22 6 1 32
not_master	175 0 302 -1 458 60.63 8.33 0 0.0 -335 251 30 7 0.55 0.8 0.64 55 4 4 4 0.7 0.4 0.2 0.2 0.1 0.2 3 4 1 21
not_master	175 0 302 -9 355 0.13 0.02 0 0.0 -354 5 26 4 0.48 0.4 0.4 54 3 4 4 0.4 0.4 0.2 0.3 0.3 0.15 3 2 1 46
master	175 0 309 -2 110 0.0 0 0 0.0 -33 1213 16 5 0.55 0.4 0.52 29 3 4 4 0.5 0.25 0.4 0.25 0.1 0.2 5 2 1 13
not_master	175 0 309 -13 530 0.0 0 0.0 0.0 -1308 0 16 4 0.55 0.6 0.6 29 2 4 4 0.4 0.3 0.2 0.15 0.4 0.3 3 1 1 24
master	175 0 318 -157 258 20.85 3.26 0 0 -359 510 18 2 0.42 0.4 0.36 43 3 4 4 0.5 0.25 0.2 0.2 0.1 0.3 7 0 0 0
not_master	175 0 318 -38 466 0.0 0 0 0.0 -532 311 16 3 0.37 0.4 0.28 43 3 2 2 0.5 0.3 0.2 0.3 0.2 0.2 10 5 1 14
not_master	175 0 532 -50 149 8.05 1.4 0 0 -210 33 10 3 0.29 0.0 0.24 35 1 4 1 0.5 0.45 0.1 0.2 0.1 0.2 8 0 1 27
not_master	175 0 532 -1 216 3.66 0.65 0 0.0 -228 166 17 6 0.5 0.4 0.48 34 4 4 2 0.5 0.3 0.2 0.3 0.2 0.15 6 2 1 8
not_master	175 0 100 0 93 2.28 0.59 0 0 -45 40 6 2 0.35 0.3 0 17 3 4 4 0.4 0 0.2 0 0.3 0.2 1 0 1 21
master	175 0 100 -3 79 0.0 0 0.0 0 -85 0 7 2 0.44 0.4 0 16 1 4 4 0.4 0 0.2 0 0.3 0.15 5 0 1 22
master	175 0 541 -25 77 9.08 1.81 0 0.0 -91 111 9 2 0.33 0.4 0.36 27 2 4 4 0.6 0.5 0.3 0.2 0.1 0.15 2 2 1 29
master	175 0 541 0 145 0.0 0 0 0.0 -222 41 12 4 0.46 0.3 0.44 26 3 4 4 0.5 0.55 0.3 0.2 0.2 0.15 3 1 1 30
not_master	175 0 583 0 305 1.81 0.29 0 0 -73 205 11 2 0.26 0.2 0.24 42 3 4 4 0.4 0.35 0.3 0.35 0.1 0.15 8 0 0 0
not_master	175 0 583 -59 180 4.97 0.79 0 0 -332 0 19 5 0.45 0.3 0.32 42 4 4 4 0.5 0.45 0.2 0.15 0.2 0.25 4 0 1 10
not_master	175 0 402 -573 94 0.0 0 0 0 -573 231 12 4 0.39 0.2 0.32 31 1 4 4 0.5 0.35 0.2 0.2 0.1 0.15 9 0 1 9
not_master	175 0 402 -46 391 46.06 8.55 0 0 -485 0 8 3 0.26 0.1 0.28 31 2 4 4 0.5 0.35 0.2 0.2 0.3 0.3 7 0 1 18
not_master	175 0 341 -9 492 0.0 0 0 0.0 -285 410 17 5 0.53 0.4 0.52 32 3 4 4 0.5 0.35 0.2 0.15 0.2 0.25 3 0 1 11
not_master	175 0 341 -123 1202 72.44 13.22 0 0.0 -1437 122 16 5 0.5 0.3 0.52 32 1 4 4 0.6 0.4 0.3 0.2 0.1 0.2 8 1 1 16
not_master	175 0 203 0 106 0.0 0 0 0 4 478 11 3 0.48 0.4 0 23 2 4 4 0.6 0.45 0.2 0.2 0.2 0.15 1 0 1 21
not_master	175 0 203 -4 93 13.16 2.87 0 0 -526 0 6 3 0.26 0.4 0 23 3 4 4 0.4 0.25 0.4 0.35 0.2 0.2 5 0 1 24
not_master	175 0 392 -41 832 154.19 30.81 0.0 0 -1482 54 9 4 0.33 0.5 0.32 27 2 4 2 0.5 0.35 0.1 0.2 0.3 0.25 4 0 1 9
not_master	175 0 392 -1 725 136.72 27.88 0 0 -191 757 12 5 0.46 0.3 0.48 26 2 4 4 0.5 0.35 0.3 0.3 0.2 0.3 2 1 1 16
master	175 0 254 0 480 0.0 0 0 0 -373 239 18 4 0.37 0.4 0.32 49 3 4 4 0.4 0.35 0.5 0.35 0.1 0.15 5 1 1 25
master	175 0 254 -116 87 0.0 0 0 0.0 -253 40 16 2 0.33 0.2 0.28 49 4 4 4 0.7 0.5 0.1 0.2 0.1 0.15 11 1 1 18
not_master	175 0 142 0 498 0.0 0 0 0.0 -43 1507 23 12 0.74 0.6 0.76 31 1 4 1 0.7 0.4 0.1 0.25 0.1 0.15 7 11 0 0
not_master	175 0 142 -46 394 35.46 6.58 0.0 0.0 -1754 21 17 7 0.55 0.6 0.56 31 0 2 4 0.5 0.4 0.3 0.25 0.1 0.1 3 1 0 0
master	175 0 384 -48 103 6.08 1.03 0 0.0 -85 82 14 3 0.38 0.5 0.4 37 2 4 2 0.4 0.4 0.3 0.2 0.3 0.3 3 0 1 9
master	175 0 384 -1 419 67.89 11.64 0 0.0 -426 49 18 6 0.5 0.4 0.4 36 4 4 4 0.6 0.55 0.3 0.2 0.1 0.1 5 1 1 16
master	175 0 285 -27 247 0.62 0.14 0 0 -228 75 6 2 0.29 0.5 0 21 2 4 4 0.4 0.35 0.3 0.15 0.2 0.35 1 0 1 13
master	175 0 285 0 139 17.63 4.15 0 0 -176 13 5 2 0.25 0.3 0 20 4 4 4 0.6 0.4 0.2 0.15 0.1 0.15 3 0 1 16
master	175 0 350 -126 664 0.0 0 0 0 -668 617 19 8 0.47 0.2 0.28 40 1 4 2 0.3 0.25 0.3 0.2 0.4 0.35 14 4 1 47
master	175 0 350 -28 1179 181.76 29.48 0.0 0.0 -1661 74 21 6 0.53 0.4 0.48 40 3 4 4 0.4 0.45 0.2 0.2 0.3 0.3 7 2 1 24
master	175 0 100 0 143 24.14 4.33 0.0 0.0 -31 245 14 3 0.42 0.4 0.48 33 4 4 4 0.6 0.45 0.3 0.2 0.1 0.1 2 0 1 11
not_master	175 0 100 -73 361 13.5 2.42 0 0.0 -432 0 14 4 0.42 0.4 0.4 33 0 4 4 0.6 0.55 0.3 0.2 0.1 0.05 3 0 1 10
not_master	175 0 227 -690 305 107.66 -17.69 0 0 -1017 112 17 3 0.44 0.4 0.4 39 3 4 4 0.6 0.35 0.2 0.3 0.1 0.2 3 0 1 15
master	175 0 227 -25 745 117.67 19.61 0 0 -181 1008 13 3 0.34 0.3 0.24 38 1 2 4 0.5 0.3 0.3 0.35 0.2 0.1 9 2 1 14
not_master	175 0 224 0 709 0.0 0 0 0 -132 389 12 4 0.43 0.1 0.4 28 3 4 2 0.4 0.6 0.2 0.1 0.3 0.2 3 2 1 43
not_master	175 0 224 -63 222 11.48 -2.25 0 0 -842 70 12 3 0.43 0.2 0.36 28 3 4 4 0.5 0.35 0.4 0.4 0.1 0.05 1 0 1 20
master	175 0 119 -11 195 7.49 0.86 0 0 -39 291 42 7 0.54 0.6 0.52 78 4 4 1 0.4 0.3 0.4 0.25 0.0 0.2 8 8 1 25
master	175 0 119 -23 389 2.91 0.33 0.0 0 -473 24 38 5 0.49 0.7 0.52 78 4 4 4 0.5 0.4 0.4 0.2 0.0 0.15 5 6 1 30
not_master	175 0 142 -81 176 27.46 4.51 0 0.0 -129 323 17 4 0.44 0.2 0.32 39 3 4 4 0.6 0.4 0.3 0.3 0.1 0.2 2 1 1 41
not_master	175 0 142 -11 189 4.21 0.69 0.0 0 -590 72 22 5 0.56 0.3 0.48 39 3 2 4 0.6 0.3 0.3 0.45 0.1 0.1 2 4 1 16
master	175 0 547 -47 198 3.96 0.63 0.0 0.0 -146 115 21 4 0.51 0.3 0.52 41 3 4 4 0.7 0.4 0.2 0.4 0.1 0.2 8 1 1 19
master	175 0 547 -20 355 0.0 0 0.0 0 -119 101 19 3 0.46 0.5 0.44 41 2 4 2 0.6 0.55 0.2 0.15 0.2 0.15 5 0 1 8
not_master	175 0 377 -61 266 3.7 0.6 0 0.0 -730 39 11 4 0.28 0.2 0.28 40 3 4 2 0.5 0.35 0.1 0.25 0.3 0.2 3 1 1 11
not_master	175 0 377 0 192 0.0 0 0 0.0 -84 683 16 4 0.41 0.3 0.28 39 4 4 4 0.5 0.45 0.3 0.25 0.2 0.15 3 0 1 14
not_master	175 0 142 0 379 78.77 18.05 0 0 30 917 9 2 0.43 0.4 0 21 3 4 4 0.5 0.45 0.2 0.3 0.2 0.1 2 1 1 15
not_master	175 0 142 0 228 0.0 0 0 0 -1040 0 3 1 0.14 0.2 0 21 3 2 4 0.6 0.5 0.2 0.15 0.2 0.1 2 0 1 16
master	175 0 215 0 479 4.84 0.62 0 0 -436 199 30 5 0.48 0.3 0.4 63 4 4 4 0.3 0.3 0.4 0.2 0.3 0.3 11 5 1 15
master	175 0 215 -15 427 0.0 0 0 0 -405 439 30 4 0.48 0.6 0.44 62 0 4 4 0.5 0.3 0.3 0.25 0.2 0.2 5 0 1 16
not_master	175 0 301 -124 222 17.7 -2.64 0 0 -424 87 20 3 0.43 0.5 0.44 47 2 4 1 0.7 0.5 0.1 0.15 0.1 0.2 6 0 1 31
not_master	175 0 301 -15 247 0.0 0 0 0.0 -116 458 24 7 0.52 0.6 0.48 46 4 4 2 0.4 0.3 0.2 0.35 0.3 0.15 5 4 1 14
master	175 0 381 -243 306 0.0 0 0 0.0 -243 91 22 4 0.5 0.3 0.48 44 4 4 2 0.4 0.4 0.1 0.1 0.3 0.3 3 1 1 9
master	175 0 381 -22 137 0.0 0 0 0 -153 54 26 8 0.6 0.5 0.52 43 3 4 4 0.5 0.35 0.3 0.35 0.2 0.2 2 1 1 20
master	175 0 142 -55 178 0.0 0 0 0 -81 108 10 1 0.29 0.3 0.28 35 2 4 4 0.5 0.55 0.3 0.2 0.1 0.2 3 0 1 43
not_master	175 0 142 0 387 5.09 0.89 0.0 0 -155 23 6 2 0.17 0.2 0.2 35 3 2 4 0.5 0.55 0.4 0.25 0.1 0.1 4 0 1 20
master	175 0 212 -65 222 0.0 0 0.0 0 -878 150 27 8 0.51 0.5 0.56 53 0 4 4 0.6 0.5 0.3 0.4 0.0 0.0 2 4 0 0
master	175 0 212 -8 208 0.0 0 0.0 0 -210 870 36 12 0.69 0.4 0.48 52 1 4 4 0.5 0.4 0.4 0.25 0.1 0.15 22 9 0 0
master	175 0 140 -20 177 0.0 0 0 0 -21 339 18 4 0.49 0.2 0.4 37 3 2 4 0.4 0.45 0.2 0.1 0.1 0.15 4 2 0 0
not_master	175 0 140 -43 152 0.0 0 0 0 -384 0 12 4 0.32 0.0 0.24 37 3 2 2 0.5 0.4 0.2 0.3 0.3 0.2 5 1 1 16
master	175 0 367 -3 110 10.41 1.97 0.0 0.0 -35 127 12 3 0.4 0.4 0.4 30 3 4 3 0.4 0.3 0.3 0.35 0.2 0.2 2 1 1 7
master	175 0 367 0 96 1.61 0.31 0 0 -121 0 11 2 0.38 0.4 0.4 29 3 4 4 0.3 0.3 0.5 0.3 0.1 0.2 3 0 1 16
not_master	175 0 208 -44 99 9.83 1.53 0.0 0.0 -483 105 20 6 0.47 0.4 0.56 43 2 4 4 0.4 0.25 0.2 0.15 0.3 0.35 3 1 1 11
not_master	175 0 208 0 1013 152.59 24.12 0 0 -344 441 24 10 0.57 0.5 0.52 42 4 2 4 0.5 0.4 0.2 0.2 0.2 0.15 4 2 1 10
not_master	175 0 100 -41 1164 0.0 0 0 0.0 -77 1706 21 5 0.57 0.4 0.56 37 1 4 4 0.6 0.4 0.3 0.3 0.1 0.15 11 8 1 13
not_master	175 0 100 -325 1032 0.0 0 0.0 0.0 -1706 0 17 3 0.46 0.4 0.48 37 3 4 4 0.3 0.25 0.7 0.45 0.0 0.1 4 1 0 0
not_master	175 0 227 -56 242 25.52 3.35 0.0 0 -68 389 28 5 0.47 0.6 0.44 60 2 4 4 0.7 0.4 0.2 0.15 0.1 0.2 7 3 1 17
not_master	175 0 227 -20 378 0.0 0 0 0 -516 51 23 8 0.38 0.2 0.24 60 2 2 2 0.5 0.4 0.2 0.2 0.3 0.15 7 1 1 22
not_master	175 0 145 -40 302 12.77 1.63 0 0.0 -385 290 27 4 0.43 0.1 0.28 63 4 2 4 0.5 0.45 0.3 0.2 0.1 0.15 10 2 1 13
not_master	175 0 145 -5 1004 0.0 0 0 0 -1162 335 26 3 0.42 0.2 0.16 62 4 4 4 0.5 0.45 0.2 0.25 0.2 0.2 5 2 1 12
master	175 0 437 -15 155 0.32 -0.06 0 0 -66 225 17 3 0.47 0.4 0.44 36 2 4 4 0.6 0.55 0.3 0.15 0.1 0.25 3 2 1 27
master	175 0 437 -24 246 0.0 0 0.0 0 -267 26 21 4 0.6 0.7 0.6 35 4 4 4 0.5 0.4 0.4 0.3 0.1 0.15 1 0 1 10
not_master	175 0 563 0 152 0.0 0 0 0.0 -72 739 21 5 0.48 0.2 0.48 44 4 4 4 0.6 0.45 0.2 0.3 0.2 0.2 3 0 1 9
not_master	175 0 563 -72 136 1.03 0.16 0 0 -753 2 14 4 0.32 0.2 0.24 44 4 4 4 0.5 0.4 0.3 0.25 0.1 0.2 4 0 1 8
not_master	175 0 510 -1 296 21.5 4.3 0 0.0 -895 513 12 3 0.44 0.4 0.48 27 1 4 4 0.7 0.4 0.3 0.2 0.0 0.0 9 3 0 0
not_master	175 0 510 -189 446 84.1 17.15 0 0.0 -355 678 17 10 0.65 0.4 0.64 26 1 4 0 0.8 0.4 0.1 0.1 0.0 0.0 5 2 0 0
not_master	175 0 592 -116 447 8.84 -1.41 0 0 -410 156 19 3 0.46 0.6 0.6 41 4 4 4 0.5 0.3 0.3 0.3 0.2 0.25 7 3 1 19
master	175 0 592 -2 240 0.0 0 0 0 -167 327 17 4 0.42 0.3 0.28 40 1 2 3 0.5 0.35 0.3 0.3 0.1 0.15 13 7 1 10
master	175 0 315 -16 216 0.0 0 0.0 0 -106 595 21 3 0.49 0.6 0.52 43 4 4 4 0.4 0.35 0.5 0.4 0.1 0.15 3 0 1 25
not_master	175 0 315 -31 216 19.81 3.09 0 0 -661 36 14 2 0.33 0.3 0.4 43 4 2 4 0.4 0.45 0.2 0.3 0.4 0.25 1 1 1 26
master	175 0 542 -36 708 0.0 0 0.0 0.0 -266 623 47 5 0.38 0.5 0.44 123 2 4 4 0.5 0.45 0.3 0.15 0.2 0.25 13 10 1 21
master	175 0 542 -82 648 0.0 0 0 0.0 -717 68 66 6 0.54 0.6 0.52 123 0 4 4 0.6 0.4 0.2 0.35 0.2 0.15 15 5 1 20
not_master	175 0 142 0 191 24.08 7.58 0 0 -29 91 4 2 0.33 0.4 0 12 2 4 2 0.5 0 0.1 0 0.4 0.25 0 0 0 0
master	175 0 142 -11 106 0.0 0 0 0 -173 0 5 3 0.42 0.3 0 12 2 2 2 0.5 0 0.1 0 0.4 0.15 0 1 0 0
not_master	175 0 377 -41 584 3.13 0.44 0 0 -613 443 24 3 0.46 0.3 0.36 52 4 4 2 0.4 0.4 0.3 0.25 0.2 0.2 6 1 1 13
not_master	175 0 377 -302 511 7.28 1.04 0.0 0 -540 289 19 6 0.37 0.3 0.2 51 4 4 4 0.6 0.55 0.2 0.2 0.1 0.1 8 1 1 16
not_master	175 0 571 -73 3761 23.49 3.14 0 0 -4798 195 26 5 0.45 0.2 0.4 58 4 4 4 0.6 0.4 0.2 0.15 0.2 0.35 4 10 1 21
not_master	175 0 571 -128 4889 636.2 85.77 0 0 -597 1042 26 6 0.46 0.3 0.4 57 0 2 4 0.7 0.5 0.2 0.15 0.1 0.1 3 1 1 10
not_master	175 0 100 -129 143 0.16 0.03 0 0 -238 97 13 2 0.33 0.0 0.24 39 3 2 4 0.7 0.4 0.2 0.2 0.1 0.05 1 1 1 7
not_master	175 0 100 0 608 7.11 1.18 0 0 -425 216 14 3 0.37 0.1 0.36 38 2 4 4 0.5 0.35 0.3 0.35 0.1 0.05 2 1 1 10
master	175 0 437 -49 146 4.44 0.58 0 0.0 -74 114 39 7 0.65 0.4 0.52 60 1 4 4 0.6 0.55 0.2 0.15 0.2 0.1 17 2 1 23
master	175 0 437 -71 292 0.0 0 0.0 0.0 -192 21 39 15 0.65 0.4 0.48 60 3 4 4 0.5 0.35 0.4 0.2 0.1 0.25 12 5 1 10
master	175 0 342 0 111 6.92 1.24 0 0 -176 66 16 4 0.48 0.5 0.36 33 1 4 4 0.4 0.3 0.4 0.3 0.1 0.15 7 1 1 17
master	175 0 342 -1 262 6.58 1.18 0 0.0 -229 151 16 3 0.48 0.5 0.52 33 1 4 4 0.3 0.4 0.4 0.2 0.2 0.15 6 2 1 20
not_master	175 0 100 -44 151 0.0 0 0.0 0.0 -178 41 15 6 0.48 0.2 0.4 31 2 4 4 0.6 0.4 0.3 0.3 0.1 0.1 6 0 1 25
not_master	175 0 100 -48 97 0.0 0 0 0 -77 45 16 4 0.53 0.3 0.48 30 4 4 4 0.7 0.5 0.1 0.2 0.2 0.2 3 1 1 20
master	175 0 453 -454 695 0.88 0.11 0 0 -1011 211 27 4 0.44 0.0 0.2 61 1 4 4 0.4 0.4 0.2 0.3 0.3 0.2 14 3 1 23
master	175 0 453 -95 1065 0.0 0 0 0 -1034 846 28 6 0.47 0.4 0.36 60 4 4 4 0.7 0.4 0.1 0.2 0.2 0.25 11 4 1 12
not_master	175 0 142 -57 55 8.46 2.11 0 0 14 144 5 2 0.28 0.4 0 18 3 4 4 0.6 0 0.2 0 0.2 0.2 1 0 1 17
not_master	175 0 142 0 152 0.0 0 0 0 -185 0 8 4 0.47 0.5 0 17 3 2 4 0.5 0 0.4 0 0.1 0.25 1 0 1 16
master	175 0 576 0 584 43.12 11.5 0 0 -203 381 7 2 0.44 0.4 0 16 3 4 4 0.7 0 0.2 0 0.1 0.2 0 0 1 21
not_master	175 0 576 -1 124 23.91 6.38 0.0 0 -424 0 6 3 0.38 0.5 0 16 2 2 4 0.5 0 0.2 0 0.3 0.25 3 0 1 12
master	175 0 177 -1 173 19.65 3.15 0.0 0 -379 97 14 4 0.34 0.4 0.28 41 4 4 4 0.6 0.4 0.3 0.3 0.1 0.2 7 0 1 19
master	175 0 177 0 460 0.0 0 0 0.0 -203 281 27 10 0.68 0.3 0.6 40 1 4 4 0.6 0.5 0.2 0.25 0.1 0.1 9 2 1 18
not_master	175 0 599 -56 357 50.45 7.44 0 0 1 678 26 5 0.54 0.4 0.52 48 3 4 4 0.5 0.5 0.3 0.35 0.2 0.15 10 0 1 13
master	175 0 599 -17 148 16.11 2.38 0 0 -870 0 20 3 0.42 0.5 0.4 48 1 4 4 0.5 0.55 0.4 0.25 0.1 0.15 13 1 1 8
not_master	175 0 349 -31 154 0.0 0 0 0 -31 785 16 4 0.39 0.1 0.24 41 1 4 4 0.5 0.45 0.2 0.15 0.2 0.2 13 1 1 9
not_master	175 0 349 -31 160 0.0 0 0.0 0 -861 9 22 7 0.54 0.6 0.4 41 4 4 4 0.5 0.45 0.2 0.2 0.2 0.1 9 3 1 10
master	175 0 556 -85 498 7.94 1.09 0.0 0 -471 248 22 6 0.4 0.2 0.4 55 0 4 4 0.5 0.35 0.3 0.3 0.2 0.2 0 0 1 13
master	175 0 556 -15 128 0.0 0 0 0 -290 72 34 6 0.62 0.7 0.68 55 0 4 4 0.5 0.25 0.2 0.15 0.3 0.4 1 1 1 10
master	175 0 571 -147 150 0.0 0 0.0 0 -147 556 20 6 0.45 0.3 0.32 44 1 4 2 0.6 0.35 0.2 0.2 0.2 0.2 9 3 0 0
master	175 0 571 -62 293 43.17 6.66 0.0 0 -876 101 15 8 0.34 0.2 0.24 44 1 2 4 0.6 0.55 0.2 0.15 0.1 0.15 9 2 1 10
master	175 0 354 0 294 1.22 0.23 0 0 -69 59 9 3 0.29 0.3 0.28 31 3 4 3 0.4 0.3 0.3 0.2 0.2 0.15 2 0 1 11
master	175 0 354 0 157 0.0 0 0.0 0 -170 31 9 3 0.29 0.3 0.32 31 3 4 4 0.4 0.3 0.2 0.1 0.4 0.25 2 0 1 16
master	175 0 121 0 88 13.11 2.05 0 0 -113 108 18 5 0.42 0.5 0.4 43 2 4 4 0.4 0.4 0.5 0.35 0.1 0.1 7 0 1 15
master	175 0 121 -28 113 3.57 0.56 0 0 -279 55 19 3 0.44 0.4 0.48 43 4 2 3 0.5 0.4 0.1 0.1 0.3 0.4 2 0 1 14
master	175 0 291 -402 422 0.0 0 0 0 -402 110 19 4 0.41 0.3 0.32 46 3 4 4 0.3 0.25 0.4 0.35 0.2 0.15 3 0 1 23
master	175 0 291 -41 219 7.58 1.16 0.0 0 -279 93 20 7 0.44 0.4 0.32 45 4 4 4 0.6 0.35 0.2 0.2 0.2 0.25 4 0 0 0
not_master	175 0 142 0 48 0.0 0 0.0 0 39 102 5 2 0.5 0.5 0 10 3 4 2 0.4 0 0.3 0 0.2 0.15 1 0 1 15
not_master	175 0 142 0 108 0.0 0 0 0 -183 0 4 2 0.44 0 0 9 2 2 4 0 0 0 0 0.2 0.25 0 0 1 12
not_master	175 0 278 -12 634 73.42 11.07 0 0.0 -643 404 19 4 0.41 0.1 0.32 46 2 4 4 0.4 0.45 0.3 0.25 0.2 0.2 8 2 1 19
not_master	175 0 278 -50 210 0.0 0 0 0.0 -771 29 21 5 0.46 0.3 0.44 46 1 4 4 0.5 0.4 0.2 0.25 0.2 0.1 16 1 1 16
not_master	175 0 571 -1154 65 35.25 -4.34 0 0 -1154 200 27 3 0.4 0.4 0.36 68 1 4 4 0.5 0.25 0.2 0.2 0.2 0.35 30 4 1 17
master	175 0 571 -10 173 0.0 0 0 0 -268 54 27 5 0.4 0.3 0.48 68 1 2 4 0.7 0.6 0.2 0.25 0.1 0.1 25 1 1 10
master	175 0 246 -42 82 1.23 0.2 0 0.0 -111 97 26 11 0.65 0.3 0.64 40 2 4 4 0.4 0.25 0.4 0.25 0.2 0.25 2 0 1 17
master	175 0 246 -16 121 0.0 0 0.0 0.0 -141 96 25 8 0.62 0.4 0.6 40 4 4 4 0.7 0.55 0.2 0.1 0.1 0.2 1 1 1 22
not_master	175 0 100 -13 366 64.59 12.2 0.0 0 -364 373 14 5 0.47 0.4 0.48 30 4 2 4 0.6 0.45 0.2 0.2 0.2 0.2 0 1 1 21
master	175 0 100 -1 70 0.0 0 0.0 0.0 -94 11 14 3 0.48 0.4 0.52 29 3 4 4 0.3 0.3 0.4 0.35 0.1 0.1 5 1 1 22
master	175 0 574 0 152 3.94 0.72 0 0 -56 110 10 4 0.31 0.1 0.28 32 2 4 2 0.5 0.5 0.1 0.1 0.3 0.3 4 0 1 27
master	175 0 574 -26 129 11.65 2.12 0 0 -600 0 9 2 0.28 0.3 0.24 32 3 2 0 0.7 0.45 0.1 0.2 0.1 0.2 3 1 1 10
not_master	175 0 100 -111 150 0.0 0 0 0 -504 63 23 4 0.49 0.2 0.4 47 4 4 4 0.5 0.5 0.5 0.35 0.0 0.1 1 1 1 37
master	175 0 100 0 373 0.0 0 0 0 -119 621 22 6 0.48 0.3 0.4 46 3 2 2 0.3 0.35 0.2 0.2 0.2 0.15 3 1 0 0
not_master	175 0 142 -50 585 14.16 2.24 0 0.0 -714 126 20 6 0.48 0.4 0.4 42 2 4 4 0.6 0.6 0.2 0.15 0.2 0.15 1 0 1 31
not_master	175 0 142 -85 157 19.5 3.12 0 0 -170 420 17 8 0.41 0.2 0.44 41 3 2 4 0.4 0.55 0.3 0.2 0.3 0.2 5 3 1 26
not_master	175 0 592 -111 307 0.0 0 0 0.0 -100 5056 32 9 0.7 0.6 0.68 46 4 4 4 0.4 0.5 0.3 0.2 0.3 0.2 1 3 1 31
not_master	175 0 592 -23 4058 0.14 0.02 0 0.0 -5064 29 20 4 0.43 0.3 0.4 46 4 4 4 0.7 0.55 0.1 0.1 0.1 0.05 3 1 1 8
not_master	175 0 142 -39 228 8.04 1.16 0 0.0 -269 131 26 8 0.52 0.3 0.36 50 4 4 4 0.6 0.45 0.2 0.25 0.1 0.15 0 0 1 13
not_master	175 0 142 -26 128 0.0 0 0 0.0 -235 241 27 5 0.54 0.2 0.44 50 4 2 4 0.6 0.45 0.3 0.25 0.1 0.15 2 3 1 16
master	175 0 438 -8 789 3.21 0.65 0 0 -780 67 8 3 0.31 0.1 0.32 26 4 4 4 0.3 0.25 0.2 0.3 0.1 0.15 3 4 0 0
master	175 0 438 0 84 0.0 0 0.0 0.0 -84 9 15 4 0.58 0.5 0.56 26 0 4 4 0.4 0.25 0.2 0.2 0.2 0.25 2 1 0 0
master	175 0 100 -7 4858 553.47 64.77 0.0 0 -93 652 38 8 0.51 0.4 0.36 75 3 2 2 0.4 0.35 0.3 0.2 0.3 0.4 2 7 0 0
not_master	175 0 100 -71 189 0.91 0.11 0 0 -5114 45 39 6 0.52 0.5 0.48 75 3 2 1 0.6 0.5 0.1 0.05 0.3 0.3 5 10 1 40
not_master	175 0 100 0 313 111.98 62.6 0 0 -250 25 1 1 0.2 0 0 5 3 4 4 0 0 0 0 0.3 0.4 0 0 0 0
not_master	175 0 100 0 51 3.0 2.0 0 0 -57 0 1 1 0.25 0 0 4 2 2  0 0 0 0 0.3 0.3 0 0 0 0
master	175 0 149 -129 507 0.0 0 0.0 0.0 -497 175 33 7 0.55 0.4 0.56 60 0 4 4 0.6 0.4 0.3 0.25 0.1 0.25 1 2 1 9
master	175 0 149 -18 182 2.16 0.28 0 0.0 -193 62 35 7 0.58 0.5 0.56 60 3 4 4 0.5 0.4 0.4 0.4 0.1 0.1 2 1 1 10
master	175 0 100 -1 107 0.18 0.03 0 0 -15 51 7 2 0.23 0.2 0.28 30 3 4 4 0.5 0.3 0.2 0.25 0.3 0.2 3 2 1 17
master	175 0 100 0 584 14.47 2.73 0.0 0 -589 13 12 3 0.4 0.5 0.36 30 3 4 4 0.4 0.35 0.2 0.3 0.3 0.15 2 0 1 22
not_master	175 0 571 0 137 18.35 3.67 0.0 0.0 -159 143 10 5 0.37 0.3 0.4 27 3 4 4 0.8 0.5 0.1 0.25 0.1 0.2 1 0 1 41
master	175 0 571 -15 221 0.0 0 0.0 0 -341 101 8 2 0.31 0.1 0.28 26 3 2 2 0.7 0.5 0.1 0.3 0.2 0.15 0 0 1 10
not_master	175 0 142 -72 257 8.73 -1.09 0 0.0 -146 398 33 12 0.5 0.2 0.24 66 4 4 2 0.5 0.5 0.1 0.1 0.3 0.3 8 2 0 0
not_master	175 0 142 -15 919 3.66 0.46 0 0 -1076 87 30 10 0.46 0.4 0.2 65 4 2 4 0.7 0.5 0.2 0.25 0.1 0.2 4 8 1 20
master	175 0 142 -47 209 2.07 0.2 0 0 -313 160 51 7 0.46 0.4 0.36 111 3 4 4 0.6 0.5 0.2 0.15 0.2 0.1 8 15 1 29
not_master	175 0 142 -49 319 0.0 0 0 0.0 -276 288 54 8 0.49 0.1 0.36 110 3 2 4 0.6 0.55 0.3 0.2 0.1 0.1 5 9 1 12
not_master	175 0 100 -1 117 5.91 1.03 0 0.0 -147 79 14 3 0.4 0.6 0.48 35 3 4 2 0.3 0.3 0.3 0.45 0.3 0.15 0 0 1 9
master	175 0 100 -12 628 5.09 0.89 0 0.0 -558 109 17 3 0.49 0.6 0.52 35 4 4 3 0.7 0.5 0.1 0.15 0.1 0.2 1 0 1 20
master	175 0 591 -29 621 33.04 3.87 0.0 0 -1298 154 32 8 0.43 0.7 0.48 75 4 4 4 0.4 0.4 0.3 0.15 0.3 0.2 3 4 1 13
master	175 0 591 0 178 0.0 0 0 0.0 -157 715 31 6 0.42 0.3 0.36 74 4 2 4 0.5 0.35 0.3 0.25 0.2 0.15 1 7 1 10
master	175 0 134 -73 387 0.0 0 0.0 0.0 -122 207 19 5 0.53 0.5 0.52 36 4 4 4 0.3 0.25 0.2 0.1 0.1 0.15 4 0 0 0
master	175 0 134 -31 153 24.79 4.25 0.0 0 -217 50 16 4 0.44 0.5 0.48 36 3 4 4 0.3 0.35 0.7 0.4 0.0 0.1 7 2 1 36
not_master	175 0 142 -1 732 0.0 0 0 0.0 -595 490 19 3 0.44 0.3 0.36 43 3 4 1 0.7 0.4 0.1 0.15 0.1 0.2 8 5 1 19
master	175 0 142 -7 898 60.33 9.42 0.0 0 -1008 20 22 5 0.51 0.6 0.48 43 2 2 4 0.5 0.3 0.3 0.25 0.1 0.2 5 0 0 0
master	175 0 437 -53 957 3.52 0.44 0.0 0 -942 81 13 2 0.2 0.4 0.32 66 3 4 4 0.7 0.45 0.2 0.2 0.1 0.1 16 0 1 23
master	175 0 437 -50 1074 0.73 0.09 0 0 -1118 25 17 3 0.26 0.6 0.36 66 1 4 4 0.7 0.45 0.2 0.15 0.1 0.25 18 1 1 10
master	175 0 100 0 728 126.54 23.48 0 0.0 -575 393 12 3 0.39 0.5 0.4 31 3 4 4 0.4 0.35 0.4 0.35 0.1 0.25 2 0 1 15
not_master	175 0 100 0 601 0.0 0 0 0.0 -640 225 16 7 0.52 0.4 0.44 31 1 1 1 0.4 0.2 0.1 0.2 0.1 0.2 9 1 1 18
not_master	175 0 100 -43 269 0.0 0 0 0.0 -4134 16 34 6 0.51 0.4 0.44 67 0 4 2 0.4 0.4 0.2 0.1 0.3 0.25 2 1 1 21
master	175 0 100 0 590 0.0 0 0 0.0 -600 388 40 10 0.61 0.2 0.44 66 4 4 4 0.4 0.35 0.4 0.3 0.1 0.15 1 9 1 24
not_master	175 0 301 -15 91 5.33 0.94 0 0.0 -25 222 19 5 0.56 0.3 0.48 34 3 4 2 0.5 0.3 0.2 0.35 0.3 0.25 2 0 1 11
not_master	175 0 301 -2 171 9.32 1.65 0 0 -270 0 11 3 0.32 0.3 0.32 34 3 4 4 0.7 0.55 0.2 0.25 0.1 0.1 4 1 1 18
not_master	175 0 206 0 902 9.16 1.28 0.0 0 -976 554 29 6 0.55 0.6 0.48 53 4 2 4 0.5 0.35 0.3 0.35 0.2 0.1 5 3 1 15
not_master	175 0 206 -8 261 0.0 0 0 0 -589 143 21 5 0.4 0.5 0.44 53 4 2 4 0.6 0.45 0.2 0.3 0.1 0.15 2 1 1 10
not_master	175 0 205 -43 988 0.0 0 0 0 -972 174 23 5 0.53 0.6 0.6 43 2 4 2 0.6 0.35 0.1 0.2 0.2 0.4 9 2 1 11
not_master	175 0 205 0 142 0.0 0 0 0 -272 38 23 4 0.53 0.5 0.4 43 3 4 2 0.4 0.35 0.4 0.4 0.2 0.15 6 2 0 0
not_master	175 0 243 -98 282 56.24 12.26 0 0 -183 668 11 4 0.48 0.3 0 23 4 4 4 0.3 0.25 0.4 0.25 0.2 0.2 3 2 1 13
not_master	175 0 243 -40 187 0.0 0 0 0 -485 0 7 3 0.3 0.1 0 23 1 4 4 0.4 0.4 0.2 0.15 0.1 0.1 6 0 1 32
master	175 0 437 -10 82 0.92 -0.15 0 0 -149 54 19 5 0.47 0.3 0.32 40 2 4 4 0.6 0.35 0.2 0.25 0.2 0.25 2 1 1 19
master	175 0 437 -1 323 0.0 0 0 0 -72 144 14 2 0.36 0.3 0.36 39 2 4 4 0.5 0.3 0.2 0.25 0.3 0.35 3 1 1 10
master	175 0 100 0 114 0.41 0.09 0 0 -71 81 9 4 0.41 0.2 0 22 1 4 4 0.7 0.45 0.2 0.15 0.1 0.2 4 0 1 27
not_master	175 0 100 -32 168 11.8 2.64 0.0 0 -198 66 8 2 0.36 0.2 0 22 3 4 4 0.7 0.5 0.2 0.3 0.1 0.15 0 0 1 18
master	175 0 382 -58 534 0.0 0 0.0 0.0 -712 92 28 6 0.46 0.4 0.32 61 4 4 2 0.5 0.35 0.1 0.2 0.4 0.4 3 8 1 9
not_master	175 0 205 0 523 0.0 0.0 4.5 2.36 -465 179 21 4 0.49 0.6 0.48 43 2 4 2 0.6 0.35 0.1 0.2 0.2 0.4 9 2 1 11
not_master	175 0 205 0 156 0.0 0.0 15.6 2.12 -224 38 24 4 0.56 0.5 0.48 43 3 4 2 0.4 0.35 0.4 0.4 0.2 0.15 6 2 0 0
not_master	175 0 243 0 237 0.0 0.0 0.7 0 -183 414 10 5 0.43 0.3 0 23 4 4 4 0.3 0.25 0.4 0.25 0.2 0.2 3 2 1 13
not_master	175 0 243 0 409 0.0 0.0 7.6 0 -545 0 8 2 0.35 0.2 0 23 1 4 4 0.4 0.4 0.2 0.15 0.1 0.1 6 0 1 32
master	175 0 437 -33 49 0.0 0.0 0.0 1.04 -108 54 21 5 0.53 0.3 0.44 40 2 4 4 0.6 0.35 0.2 0.25 0.2 0.25 2 1 1 19
master	175 0 437 -9 140 0.0 0.0 1.6 0.84 -102 107 14 3 0.36 0.2 0.28 39 2 4 4 0.5 0.3 0.2 0.25 0.3 0.35 3 1 1 10
master	175 0 100 0 73 0.0 0.0 0.2 0 -66 97 8 3 0.36 0.3 0 22 1 4 4 0.7 0.45 0.2 0.15 0.1 0.2 4 0 1 27
not_master	175 0 100 -11 95 16.08 3.59 0.0 0 -198 40 8 2 0.36 0.2 0 22 3 4 4 0.7 0.5 0.2 0.3 0.1 0.15 0 0 1 18
master	175 0 382 -87 351 0.0 0.0 0.6 0.0 -417 139 34 8 0.56 0.5 0.36 61 4 4 2 0.5 0.35 0.1 0.2 0.4 0.4 3 8 1 9
master	175 0 382 -16 294 0.0 0.0 4.0 0.0 -207 351 30 5 0.5 0.4 0.4 60 3 4 4 0.4 0.35 0.4 0.35 0.2 0.2 3 1 0 0
master	175 0 205 -104 180 7.24 1.18 0.0 0.28 -115 138 20 4 0.5 0.4 0.52 40 4 4 4 0.6 0.6 0.2 0.15 0.2 0.25 1 1 1 11
master	175 0 205 0 151 0.0 0.0 14.5 0.0 -197 127 22 8 0.56 0.3 0.52 39 2 4 2 0.4 0.4 0.3 0.25 0.3 0.25 2 2 1 18
master	175 0 299 -6 124 0.0 0.0 7.1 1.32 -122 120 25 4 0.58 0.5 0.48 43 1 4 4 0.4 0.25 0.3 0.2 0.2 0.2 9 2 1 17
master	175 0 299 -148 321 0.0 0.0 6.3 0.0 -326 95 18 4 0.43 0.2 0.36 42 1 4 4 0.6 0.45 0.2 0.25 0.1 0.1 9 6 1 24
not_master	175 0 100 0 740 0.0 0.0 0.0 0 -751 33 5 2 0.24 0.2 0 21 4 4 4 0.4 0.3 0.2 0.1 0.3 0.15 2 0 1 23
not_master	175 0 100 -4 52 0.0 0.0 0.0 0 -51 8 12 6 0.6 0.4 0 20 3 4 4 0.4 0.3 0.2 0.45 0.3 0.15 1 0 1 22
not_master	175 0 307 -133 61 0.0 0.0 0.0 0.0 -388 74 29 5 0.52 0.5 0.48 56 2 4 4 0.4 0.3 0.5 0.3 0.1 0.25 5 0 1 13
not_master	175 0 307 0 231 30.58 4.2 12.7 0.0 -137 196 29 5 0.53 0.5 0.56 55 3 1 1 0.5 0.4 0.2 0.15 0.1 0.15 5 1 1 24
master	175 0 342 -33 394 0.0 0.0 5.8 2.12 -231 5373 25 4 0.48 0.4 0.32 52 3 4 4 0.3 0.25 0.4 0.3 0.2 0.25 13 4 1 13
master	175 0 342 -5449 483 741.11 -104.79 0.0 0.68 -1291 78 25 5 0.48 0.4 0.32 52 3 4 4 0.4 0.35 0.3 0.4 0.3 0.2 7 3 1 20
master	175 0 211 -88 1160 0.0 0.0 0.0 0.0 -1012 212 21 7 0.53 0.4 0.44 40 1 4 4 0.3 0.35 0.3 0.15 0.2 0.25 10 4 1 23
not_master	175 0 211 -101 354 1.23 0.2 0.5 0.0 -419 55 16 5 0.4 0.5 0.28 40 2 4 4 0.4 0.35 0.4 0.2 0.2 0.25 6 2 1 24
master	175 0 232 -13 828 0.0 0 0 0 -219 1174 19 3 0.53 0.4 0.44 36 1 4 4 0.7 0.4 0.3 0.2 0.0 0.2 6 0 1 42
master	175 0 139 -17 461 2.59 0.44 0 0 -407 314 22 8 0.61 0.6 0.6 36 4 4 4 0.4 0.3 0.3 0.2 0.2 0.25 3 5 1 11
master	175 0 139 -27 205 2.92 0.5 0 0.0 -319 99 19 6 0.53 0.5 0.6 36 0 4 4 0.5 0.4 0.3 0.2 0.2 0.15 2 1 1 12
not_master	175 0 443 0 101 0.0 0 0.0 0 -146 37 12 3 0.44 0.4 0.4 27 3 4 4 0.4 0.4 0.2 0.25 0.3 0.2 1 0 0 0
not_master	175 0 443 -1 142 6.3 1.26 0 0 -60 135 10 3 0.37 0.4 0.36 27 3 4 1 0.6 0.35 0.1 0.3 0.1 0.15 2 0 0 0
master	175 0 161 -20 517 0.55 -0.08 0.0 0 -27 564 19 3 0.38 0.5 0.4 50 3 4 4 0.7 0.55 0.2 0.15 0.1 0.2 10 0 1 25
not_master	175 0 161 0 369 0.0 0 0.0 0 -581 0 14 2 0.28 0.1 0.32 50 4 4 4 0.7 0.45 0.1 0.35 0.1 0.05 6 1 1 18
master	175 0 100 -1185 685 0.0 0 0 0 -1266 135 27 6 0.44 0.4 0.24 62 4 4 4 0.6 0.5 0.3 0.2 0.1 0.1 9 9 1 15
not_master	175 0 100 -126 1400 90.68 11.8 0 0 -368 1603 31 6 0.51 0.3 0.4 61 4 2 4 0.6 0.4 0.3 0.3 0.1 0.15 8 5 1 18
master	175 0 547 -62 189 11.08 1.82 0.0 0 -146 201 17 4 0.44 0.4 0.36 39 4 4 4 0.7 0.65 0.2 0.15 0.1 0.1 2 6 1 19
master	175 0 547 -66 208 0.79 0.13 0 0 -306 18 14 4 0.37 0.1 0.32 38 0 4 4 0.8 0.55 0.1 0.15 0.1 0.15 3 0 1 8
not_master	175 0 228 -126 384 0.15 -0.02 0 0.0 -431 95 17 6 0.39 0.2 0.28 44 4 4 4 0.3 0.2 0.6 0.5 0.1 0.2 2 4 0 0
not_master	175 0 228 -50 205 29.19 4.56 0 0.0 -239 294 20 8 0.47 0.3 0.36 43 4 4 4 0.8 0.45 0.1 0.3 0.1 0.15 3 0 0 0
not_master	175 0 350 -8 691 61.32 10.08 0 0 -1780 89 11 3 0.28 0.1 0.32 39 3 4 4 0.4 0.45 0.4 0.25 0.1 0.2 6 0 1 7
not_master	175 0 350 0 699 110.41 18.39 0 0.0 -98 1154 16 5 0.42 0.5 0.36 38 3 4 4 0.4 0.35 0.4 0.3 0.2 0.15 3 1 1 10
master	175 0 437 -22 1138 10.21 1.63 0.0 0 -1092 227 20 4 0.49 0.2 0.4 41 4 4 4 0.5 0.35 0.2 0.35 0.1 0.2 4 1 1 39
master	175 0 437 -9 367 55.92 8.95 0.0 0 -371 41 21 5 0.51 0.6 0.56 41 2 4 4 0.4 0.4 0.2 0.15 0.3 0.25 5 0 1 10
not_master	175 0 142 0 377 50.35 9.19 0 0.0 -37 783 14 3 0.44 0.2 0.48 32 3 4 4 0.7 0.45 0.1 0.35 0.1 0.1 4 1 1 35
not_master	175 0 142 -50 618 3.94 0.72 0 0.0 -877 21 18 3 0.56 0.3 0.52 32 1 2 1 0.7 0.45 0.1 0.25 0.1 0.05 6 0 1 12
master	175 0 149 -8 236 2.38 0.37 0.0 0.0 -184 100 18 3 0.42 0.2 0.36 43 3 4 4 0.4 0.3 0.3 0.25 0.1 0.25 2 0 1 15
master	175 0 149 0 173 4.67 0.74 0 0 -203 25 19 4 0.45 0.2 0.36 42 4 4 1 0.4 0.35 0.2 0.2 0.1 0.2 3 0 1 8
not_master	175 0 290 -75 293 0.0 0 0 0 -170 473 20 4 0.5 0.4 0.44 40 3 4 4 0.2 0.25 0.4 0.3 0.3 0.25 7 2 1 21
not_master	175 0 290 -504 134 30.99 -5.03 0.0 0 -414 53 18 3 0.45 0.4 0.44 40 3 4 4 0.6 0.45 0.2 0.3 0.2 0.15 5 0 1 16
master	175 0 441 -12 261 0.0 0 0 0 -206 82 13 3 0.45 0.3 0.44 29 4 4 4 0.6 0.45 0.2 0.15 0.2 0.15 5 2 1 31
master	175 0 441 -12 91 8.2 1.61 0 0.0 -87 31 15 5 0.54 0.4 0.56 28 3 4 4 0.5 0.45 0.4 0.25 0.1 0.15 4 2 1 26
not_master	175 0 142 -168 350 8.89 1.4 0.0 0 -778 87 18 5 0.43 0.2 0.4 42 1 4 4 0.5 0.4 0.3 0.25 0.1 0.25 8 0 1 37
not_master	175 0 142 -39 847 0.0 0 0 0 -469 402 19 4 0.46 0.2 0.32 41 1 2 4 0.6 0.45 0.3 0.3 0.1 0.15 10 6 1 14
master	175 0 380 -8 519 6.56 1.0 0 0.0 -361 410 19 5 0.42 0.3 0.32 45 4 4 2 0.5 0.45 0.2 0.2 0.3 0.25 8 5 1 9
master	175 0 380 -46 219 8.45 1.29 0 0.0 -423 47 24 9 0.53 0.5 0.52 45 4 4 4 0.5 0.35 0.4 0.35 0.1 0.15 10 2 1 30
not_master	175 0 309 -46 356 72.45 16.18 0 0 -15 812 14 9 0.64 0.5 0 22 4 4 4 0.6 0.3 0.2 0.2 0.1 0.2 3 5 1 13
not_master	175 0 309 -94 147 0.0 0 0 0 -822 0 9 3 0.41 0.4 0 22 1 4 4 0.6 0.45 0.1 0.15 0.3 0.2 4 0 0 0
not_master	175 0 419 0 270 0.0 0 0 0 -237 1679 8 3 0.33 0.4 0 24 1 4 4 0.6 0.3 0.2 0.15 0.1 0.2 6 0 1 15
not_master	175 0 419 -255 321 0.0 0 0 0 -650 228 9 2 0.38 0.4 0 24 1 4 4 0.5 0.4 0.2 0.2 0.3 0.2 5 0 1 18
master	175 0 353 -85 547 101.37 20.26 0 0.0 -587 134 14 5 0.52 0.5 0.52 27 2 4 2 0.4 0.55 0.2 0.2 0.4 0.25 0 1 1 21
master	175 0 353 -41 760 133.89 27.31 0 0 -790 269 8 3 0.31 0.2 0.32 26 3 4 4 0.6 0.65 0.2 0.2 0.2 0.1 2 1 1 20
master	175 0 134 -58 148 8.84 -1.41 0 0.0 -112 83 16 4 0.39 0.4 0.4 41 4 4 4 0.5 0.3 0.2 0.1 0.1 0.2 7 1 1 15
master	175 0 134 0 176 0.0 0 0 0.0 -132 25 16 5 0.4 0.2 0.24 40 4 4 4 0.4 0.35 0.5 0.25 0.1 0.2 2 0 1 14
not_master	175 0 100 0 120 0.0 0 0.0 0.0 -167 104 13 3 0.43 0.3 0.4 30 2 2 4 0.6 0.5 0.2 0.25 0.2 0.1 2 0 1 21
not_master	175 0 100 -24 53 0.0 0 0 0 -103 108 14 3 0.47 0.6 0.44 30 2 4 2 0.4 0.35 0.3 0.2 0.2 0.25 3 0 1 16
not_master	175 0 213 -25 63 0.47 0.08 0.0 0.0 -46 137 21 5 0.55 0.6 0.64 38 3 2 2 0.5 0.4 0.2 0.25 0.3 0.3 1 1 1 17
master	175 0 213 -21 169 0.32 0.05 0 0.0 -179 58 21 5 0.55 0.4 0.52 38 3 4 1 0.5 0.35 0.2 0.25 0.1 0.15 5 1 1 30
master	175 0 269 -90 569 20.7 3.09 0 0 -554 235 15 3 0.32 0.2 0.24 47 3 4 4 0.4 0.35 0.4 0.3 0.1 0.15 8 1 1 15
master	175 0 269 -129 557 0.0 0 0 0 -694 3 20 7 0.43 0.4 0.32 46 4 4 4 0.6 0.55 0.2 0.2 0.2 0.1 9 0 0 0
master	175 0 477 -14 118 0.64 0.15 0 0 -78 70 10 2 0.5 0.4 0 20 3 4 4 0.5 0.25 0.3 0.3 0.2 0.15 4 0 1 9
master	175 0 477 0 146 0.0 0 0 0 -164 26 11 4 0.58 0.5 0 19 1 2 4 0.6 0 0.2 0 0.2 0.1 4 0 1 10
master	175 0 437 -313 199 22.97 4.06 0.0 0.0 -859 106 18 5 0.53 0.4 0.52 34 2 4 4 0.6 0.5 0.2 0.3 0.1 0.15 5 2 1 19
master	175 0 437 0 546 0.0 0 0 0.0 -484 732 21 9 0.64 0.4 0.68 33 2 4 4 0.5 0.45 0.2 0.2 0.2 0.2 6 3 1 10
not_master	175 0 100 -20 314 0.0 0 0.0 0 -376 66 9 3 0.38 0.5 0 24 2 4 4 0.4 0.4 0.4 0.2 0.1 0.25 4 0 1 21
master	175 0 100 -43 320 14.96 3.26 0.0 0 -119 76 9 3 0.39 0.4 0 23 4 4 4 0.4 0.45 0.1 0.15 0.4 0.2 2 0 1 34
not_master	175 0 598 -6 1382 131.97 20.6 0 0.0 -12 1199 20 5 0.47 0.5 0.44 43 3 4 4 0.5 0.4 0.3 0.35 0.2 0.2 8 6 1 13
not_master	175 0 598 -27 828 0.0 0 0.0 0 -1300 20 18 4 0.43 0.3 0.32 42 3 2 4 0.5 0.6 0.4 0.3 0.1 0.05 3 3 1 10
not_master	175 0 548 -65 163 1.01 0.15 0.0 0.0 -509 93 18 5 0.39 0.1 0.28 46 3 4 4 0.7 0.5 0.2 0.1 0.1 0.15 3 0 1 23
master	175 0 548 -71 977 15.45 2.36 0.0 0.0 -893 487 26 7 0.58 0.6 0.6 45 4 4 3 0.7 0.45 0.1 0.2 0.1 0.1 5 3 1 8
master	175 0 169 -10 110 3.99 0.71 0.0 0.0 -63 116 22 4 0.65 0.7 0.64 34 3 4 4 0.6 0.5 0.3 0.25 0.1 0.2 1 0 1 23
not_master	175 0 169 -7 551 0.51 0.09 0 0 -573 14 15 6 0.45 0.3 0.44 33 3 4 3 0.7 0.4 0.1 0.25 0.1 0.1 2 1 1 8
not_master	175 0 143 -99 271 53.01 11.29 0 0 -907 106 9 2 0.38 0.3 0 24 1 4 4 0.6 0.4 0.2 0.25 0.2 0.15 5 2 1 23
not_master	175 0 143 -25 243 0.0 0 0 0 -233 661 11 5 0.48 0.2 0 23 3 4 4 0.6 0.4 0.2 0.15 0.2 0.1 4 0 1 22
not_master	175 0 140 -22 274 0.0 0 0.0 0.0 -31 470 21 7 0.57 0.4 0.48 37 3 4 4 0.4 0.45 0.3 0.25 0.3 0.15 6 0 1 23
not_master	175 0 140 -16 312 14.88 2.51 0.0 0.0 -516 70 15 3 0.41 0.5 0.4 37 3 4 2 0.3 0.4 0.2 0.2 0.4 0.2 5 0 1 50
not_master	175 0 595 -3 1196 167.37 24.41 0.0 0.0 -48 904 24 4 0.49 0.6 0.48 49 4 4 4 0.5 0.5 0.3 0.25 0.1 0.1 3 3 1 13
not_master	175 0 595 -37 116 0.0 0 0 0 -1174 0 23 3 0.47 0.6 0.44 49 3 2 4 0.6 0.45 0.2 0.35 0.1 0.1 2 1 1 10
not_master	175 0 142 -18 79 0.0 0 0 0 20 172 7 2 0.41 0.4 0 17 2 4 4 0.6 0 0.2 0 0.1 0.1 1 1 1 23
not_master	175 0 142 0 129 0.0 0 0 0 -288 0 6 2 0.35 0.3 0 17 3 2 4 0.7 0 0.1 0 0.1 0.1 0 0 0 0
not_master	175 0 100 0 480 45.31 9.44 0 0 -151 190 11 4 0.44 0.6 0.44 25 1 4 4 0.5 0.4 0.3 0.25 0.1 0.15 6 2 1 25
master	175 0 100 -198 138 0.0 0 0 0.0 -566 0 14 7 0.56 0.3 0.56 25 3 4 4 0.4 0.3 0.1 0.3 0.4 0.2 1 0 0 0
master	175 0 382 -59 131 1.82 0.36 0 0 -116 52 15 9 0.54 0.4 0.56 28 2 4 2 0.5 0.35 0.2 0.2 0.3 0.25 5 0 1 9
master	175 0 382 0 339 0.0 0 0.0 0 -367 45 15 5 0.54 0.5 0.52 28 3 4 4 0.5 0.3 0.3 0.35 0.2 0.3 2 1 1 20
master	175 0 485 -25 135 3.59 0.69 0.0 0.0 -299 130 12 5 0.41 0.6 0.44 29 2 4 2 0.6 0.45 0.1 0.1 0.1 0.3 1 0 0 0
master	175 0 485 -7 197 0.0 0 0 0 -140 268 14 5 0.5 0.3 0.44 28 3 4 4 0.5 0.35 0.4 0.4 0.1 0.15 0 0 1 16
not_master	175 0 420 -46 248 0.0 0 0 0.0 -218 60 19 7 0.54 0.2 0.52 35 2 1 1 0.4 0.3 0.1 0.1 0.2 0.35 5 1 1 35
not_master	175 0 420 0 147 1.15 0.2 0.0 0.0 -83 132 18 12 0.51 0.3 0.4 35 4 4 1 0.5 0.4 0.1 0.15 0.2 0.2 4 4 1 34
master	175 0 459 0 799 0.0 0 0 0.0 -819 513 19 3 0.47 0.4 0.52 40 2 4 4 0.4 0.35 0.3 0.25 0.3 0.25 6 0 1 31
master	175 0 459 0 258 31.6 5.12 0.0 0.0 -827 32 13 3 0.33 0.5 0.36 40 1 4 4 0.6 0.55 0.2 0.15 0.1 0.1 9 0 1 10
not_master	175 0 145 -24 794 0.0 0 0 0.0 -74 471 22 5 0.48 0.2 0.4 46 4 2 2 0.5 0.55 0.1 0.1 0.3 0.25 6 5 1 33
not_master	175 0 145 -79 123 0.0 0 0 0 -650 21 20 7 0.43 0.1 0.36 46 3 4 4 0.5 0.55 0.2 0.15 0.2 0.2 5 0 0 0
master	175 0 100 -22 73 3.88 -0.73 0 0.0 -119 61 11 2 0.37 0.2 0.36 30 3 4 4 0.7 0.4 0.2 0.2 0.1 0.15 1 0 1 13
master	175 0 100 0 106 0.0 0 0 0 -126 83 13 7 0.43 0.1 0.4 30 3 4 4 0.5 0.45 0.3 0.2 0.1 0.2 0 1 1 10
master	175 0 517 -169 362 0.0 0 0.0 0 -454 44 30 7 0.65 0.6 0.56 46 3 4 4 0.6 0.5 0.3 0.25 0.1 0.15 6 2 1 11
master	175 0 517 0 196 0.0 0 0.0 0 -92 222 25 8 0.54 0.5 0.48 46 1 4 2 0.5 0.3 0.3 0.25 0.2 0.3 9 3 1 12
not_master	175 0 100 -16 174 0.0 0 0 0 -97 347 25 10 0.58 0.5 0.44 43 2 4 4 0.5 0.3 0.2 0.25 0.2 0.35 0 1 1 13
not_master	175 0 100 -10 373 1.49 0.23 0.0 0 -431 0 24 5 0.56 0.7 0.6 43 2 1 1 0.3 0.3 0.3 0.25 0.1 0.25 3 1 1 24
not_master	175 0 248 -120 691 0.0 0 0 0 -766 103 25 6 0.44 0.4 0.32 57 4 4 4 0.5 0.4 0.3 0.3 0.2 0.15 10 4 1 15
not_master	175 0 248 -17 1038 3.28 0.45 0 0 -1066 481 31 7 0.55 0.2 0.44 56 4 4 4 0.5 0.45 0.2 0.3 0.2 0.15 4 2 1 40
not_master	175 0 519 -28 617 45.87 6.91 0 0 -964 43 15 5 0.33 0.2 0.2 46 1 4 4 0.4 0.4 0.3 0.2 0.1 0.1 12 2 1 11
not_master	175 0 519 0 189 0.0 0 0.0 0 -112 593 20 7 0.44 0.5 0.32 45 1 4 2 0.3 0.45 0.3 0.2 0.4 0.25 8 3 1 12
master	175 0 288 -16 104 0.15 0.02 0 0.0 -123 63 21 4 0.48 0.2 0.4 44 2 4 4 0.4 0.35 0.3 0.2 0.3 0.25 7 0 1 17
master	175 0 288 -4 102 0.0 0 0.0 0.0 -130 331 25 6 0.57 0.4 0.56 44 2 4 4 0.6 0.45 0.3 0.25 0.1 0.15 3 1 1 16
master	175 0 435 -11 374 5.28 1.04 0 0 -163 310 10 3 0.36 0.6 0.4 28 2 4 2 0.5 0.35 0.2 0.2 0.3 0.3 2 0 1 17
not_master	175 0 435 -33 582 13.3 2.61 0.0 0 -894 8 14 3 0.5 0.4 0.48 28 2 4 4 0.7 0.4 0.2 0.2 0.1 0.2 4 0 1 12
not_master	175 0 100 0 1178 0.0 0 0 0 -23 2080 25 6 0.57 0.3 0.56 44 2 4 4 0.4 0.55 0.3 0.15 0.1 0.15 2 1 1 19
not_master	175 0 100 -1 509 0.29 0.05 0.0 0 -2331 0 15 4 0.34 0.4 0.36 44 4 4 4 0.4 0.45 0.2 0.25 0.2 0.15 2 1 1 34
not_master	175 0 142 -48 202 0.0 0 0 0.0 0 5728 37 7 0.59 0.2 0.44 63 4 4 4 0.5 0.4 0.3 0.3 0.2 0.15 6 8 1 21
not_master	175 0 142 -88 525 0.0 0 0 0 -5716 0 29 5 0.46 0.3 0.36 63 4 2 4 0.3 0.3 0.4 0.35 0.3 0.2 4 5 1 22
not_master	175 0 307 -672 76 0.0 0 0 0 -648 76 17 4 0.45 0.6 0.44 38 1 4 4 0.4 0.25 0.5 0.25 0.1 0.2 8 0 1 13
not_master	175 0 307 0 144 0.0 0 0 0.0 -118 697 26 8 0.7 0.7 0.64 37 4 1 1 0.5 0.4 0.3 0.2 0.0 0.1 6 3 1 24
not_master	175 0 310 0 327 65.22 14.22 0.0 0 -160 295 12 3 0.52 0.4 0 23 2 4 4 0.3 0.2 0.4 0.25 0.3 0.3 5 3 1 13
not_master	175 0 310 0 213 25.53 5.57 0 0 -537 0 9 3 0.39 0.4 0 23 0 4 4 0.5 0.35 0.4 0.2 0.1 0.1 4 0 1 22
master	175 0 506 -9 101 10.92 1.79 0 0 -86 123 15 3 0.38 0.3 0.36 39 2 2 1 0.5 0.35 0.1 0.1 0.2 0.3 9 1 1 11
master	175 0 506 -6 948 20.6 3.38 0 0 -963 47 17 4 0.44 0.5 0.4 39 2 4 2 0.6 0.5 0.1 0.1 0.3 0.3 6 1 1 10
not_master	175 0 560 -472 385 0.0 0 0 0 -472 135 34 5 0.48 0.2 0.4 71 1 4 1 0.7 0.5 0.1 0.1 0.1 0.15 24 4 0 0
not_master	175 0 560 -29 465 4.24 0.51 0 0.0 -310 1000 28 3 0.4 0.2 0.28 70 2 4 4 0.5 0.4 0.4 0.35 0.1 0.2 9 7 1 8
master	175 0 100 0 217 6.95 2.0 0 0 -3 100 3 1 0.21 0.2 0 14 3 4 4 0.6 0 0.2 0 0.2 0.15 0 0 1 13
master	175 0 100 0 83 0.0 0 0 0 -153 0 5 4 0.36 0.1 0 14 2 4 4 0.5 0 0.2 0 0.2 0.2 0 0 1 8
not_master	175 0 378 0 246 0.0 0 0 0.0 -79 967 31 9 0.58 0.7 0.6 53 4 4 2 0.5 0.4 0.1 0.3 0.3 0.2 0 0 1 9
not_master	175 0 378 -16 155 0.0 0 0 0 -1053 2 20 2 0.38 0.3 0.36 53 4 4 4 0.6 0.35 0.2 0.4 0.2 0.2 1 4 1 16
not_master	175 0 485 -121 359 0.0 0 0.0 0 -750 77 22 7 0.48 0.3 0.36 46 0 4 4 0.6 0.6 0.2 0.15 0.2 0.15 2 3 1 25
not_master	175 0 485 -15 467 38.63 5.89 0.0 0 -351 683 23 6 0.51 0.7 0.52 45 2 4 4 0.4 0.4 0.5 0.3 0.1 0.15 4 4 1 16
not_master	175 0 401 -23 110 0.0 0 0 0 -132 103 18 4 0.47 0.5 0.52 38 2 4 4 0.3 0.3 0.4 0.2 0.1 0.35 7 2 1 35
not_master	175 0 401 -48 290 3.79 0.63 0 0.0 -268 101 17 5 0.45 0.4 0.52 38 1 4 4 0.6 0.4 0.3 0.25 0.1 0.15 10 2 1 16
not_master	175 0 437 -5 461 71.07 11.53 0.0 0 -47 759 18 2 0.45 0.3 0.4 40 2 4 4 0.5 0.5 0.2 0.2 0.2 0.15 6 2 1 19
not_master	175 0 437 0 238 0.0 0 0 0 -779 14 12 2 0.3 0.1 0.32 40 4 4 4 0.4 0.25 0.3 0.3 0.2 0.2 6 0 1 10
master	175 0 383 -43 118 0.88 0.13 0 0.0 -250 75 19 3 0.42 0.3 0.4 45 4 4 2 0.5 0.4 0.1 0.2 0.4 0.25 4 2 1 9
master	175 0 383 0 110 0.0 0 0 0.0 -93 102 18 3 0.41 0.3 0.44 44 3 4 4 0.4 0.3 0.4 0.4 0.2 0.2 3 0 1 22
not_master	175 0 581 -59 375 3.21 -0.65 0.0 0 -294 169 12 4 0.46 0.4 0.48 26 3 4 0 0.6 0.4 0.1 0.15 0.1 0.05 5 0 1 17
not_master	175 0 581 0 133 5.76 1.2 0.0 0 -178 39 12 6 0.48 0.3 0.48 25 3 2 4 0.6 0.4 0.2 0.4 0.1 0.1 1 0 1 10
master	175 0 437 -48 66 0.35 0.07 0.0 0.0 -53 97 17 7 0.57 0.4 0.56 30 4 4 4 0.4 0.3 0.2 0.1 0.3 0.35 0 1 1 23
master	175 0 437 0 134 5.02 0.97 0 0.0 -163 46 19 12 0.66 0.4 0.64 29 4 4 4 0.5 0.3 0.1 0.2 0.3 0.25 1 2 1 10
master	175 0 573 -17 168 0.0 0 0 0 8 233 10 3 0.31 0.1 0.2 32 2 4 2 0.5 0.35 0.2 0.1 0.2 0.3 5 0 1 19
master	175 0 573 0 1017 13.19 2.41 0 0 -1167 0 7 1 0.22 0.2 0.24 32 3 2 4 0.4 0.4 0.3 0.25 0.3 0.2 5 1 1 10
not_master	175 0 100 -179 146 0.0 0 0.0 0 -958 103 9 3 0.39 0.5 0 23 3 4 4 0.2 0.3 0.4 0.3 0.1 0.1 4 0 1 21
not_master	175 0 100 0 1528 85.47 19.09 0 0 -332 506 13 3 0.59 0.6 0 22 2 4 4 0.7 0.5 0.1 0.15 0.2 0.2 2 1 1 20
master	175 0 384 -369 201 9.32 -1.55 0.0 0 -369 66 13 2 0.34 0.6 0.4 38 2 4 2 0.4 0.4 0.2 0.35 0.4 0.25 2 0 1 9
master	175 0 384 0 179 0.0 0 0 0 -146 110 15 3 0.41 0.3 0.44 37 3 4 4 0.5 0.35 0.3 0.35 0.2 0.2 6 0 1 16
master	175 0 453 -31 169 0.0 0 0.0 0 -155 47 9 3 0.39 0.4 0 23 2 4 4 0.3 0.2 0.3 0.25 0.3 0.35 2 0 0 0
master	175 0 453 -58 56 0.0 0 0 0 -37 37 15 4 0.68 0.7 0 22 3 4 4 0.7 0.35 0.1 0.35 0.2 0.15 0 1 1 12
master	175 0 100 -15 991 26.53 3.4 0 0.0 -995 108 29 5 0.46 0.4 0.36 63 4 4 4 0.7 0.6 0.2 0.25 0.1 0.05 3 5 1 19
not_master	175 0 100 -142 179 0.0 0 0 0 -120 250 34 11 0.54 0.3 0.32 63 4 4 4 0.3 0.5 0.4 0.25 0.2 0.2 3 5 1 10
master	175 0 437 -43 133 0.0 0 0 0 -145 693 22 9 0.52 0.4 0.28 42 1 4 4 0.4 0.4 0.3 0.2 0.3 0.2 10 6 1 29
master	175 0 437 -426 258 0.0 0 0 0 -712 48 21 5 0.5 0.5 0.4 42 0 4 4 0.5 0.3 0.4 0.25 0.1 0.25 3 0 0 0
not_master	175 0 142 -4 94 0.99 0.15 0 0 -246 197 19 3 0.4 0.2 0.36 48 4 4 2 0.7 0.45 0.1 0.1 0.1 0.2 6 0 1 29
not_master	175 0 142 -40 728 0.14 0.02 0.0 0 -827 248 19 6 0.4 0.4 0.32 48 4 2 4 0.6 0.5 0.3 0.2 0.1 0.2 4 2 1 36
not_master	175 0 240 -19 327 53.69 9.34 0 0 -543 71 8 2 0.23 0.2 0.28 35 3 4 2 0.7 0.45 0.1 0.35 0.2 0.15 3 0 1 15
not_master	175 0 240 0 143 0.0 0 0 0.0 -150 223 18 6 0.53 0.2 0.44 34 3 4 4 0.4 0.35 0.3 0.35 0.2 0.2 2 2 1 12
not_master	175 0 142 0 111 0.0 0 0 0 -423 118 11 3 0.41 0.3 0.36 27 2 4 2 0.6 0.5 0.2 0.15 0.2 0.2 1 0 1 23
not_master	175 0 142 -89 520 16.78 -3.42 0.0 0 -188 404 9 2 0.35 0.2 0.32 26 3 2 4 0.6 0.65 0.3 0.3 0.1 0.05 1 0 1 20
master	175 0 414 0 44 2.12 0.4 0 0 -64 27 10 3 0.33 0.3 0.32 30 0 4 4 0.4 0.3 0.2 0.25 0.3 0.15 4 1 1 21
master	175 0 414 0 48 3.94 0.76 0.0 0 -40 28 10 2 0.34 0.5 0.36 29 3 4 4 0.5 0.25 0.2 0.2 0.3 0.2 4 2 1 20
not_master	175 0 249 0 128 2.3 0.4 0 0 -22 210 22 7 0.63 0.5 0.6 35 0 4 4 0.3 0.4 0.3 0.15 0.3 0.25 2 2 1 29
not_master	175 0 249 -1 130 0.0 0 0 0.0 -216 12 18 6 0.53 0.3 0.48 34 4 4 4 0.5 0.4 0.3 0.15 0.1 0.25 2 0 1 34
not_master	175 0 111 0 326 0.0 0 0.0 0.0 -281 578 13 4 0.52 0.3 0.52 25 3 4 4 0.5 0.45 0.3 0.3 0.1 0.1 3 0 1 9
not_master	175 0 111 -302 230 3.46 0.72 0 0 -585 115 12 5 0.48 0.6 0.48 25 3 4 4 0.4 0.25 0.3 0.25 0.1 0.25 2 2 1 20
not_master	175 0 152 0 233 0.0 0 0 0 -55 487 10 2 0.3 0.3 0.28 33 3 2 4 0.5 0.4 0.3 0.35 0.2 0.1 6 0 1 23
not_master	175 0 152 0 333 0.68 0.12 0 0 -487 3 11 3 0.33 0.4 0.32 33 1 4 4 0.2 0.3 0.5 0.25 0.2 0.3 8 1 1 28
not_master	175 0 100 -73 652 102.98 17.16 0 0.0 -942 42 16 3 0.42 0.2 0.4 38 2 2 2 0.7 0.45 0.1 0.25 0.2 0.2 3 0 1 15
not_master	175 0 100 0 1185 94.05 15.89 0 0 -1039 295 13 3 0.35 0.3 0.28 37 3 4 4 0.5 0.35 0.2 0.3 0.3 0.25 3 2 1 12
master	175 0 436 -103 247 0.12 -0.01 0.0 0 -175 335 29 10 0.41 0.2 0.2 70 4 4 2 0.5 0.4 0.2 0.2 0.2 0.2 3 7 1 19
master	175 0 436 -10 154 2.12 0.26 0 0 -338 75 32 8 0.46 0.4 0.4 70 4 4 4 0.5 0.3 0.3 0.25 0.1 0.3 1 1 1 12
not_master	175 0 570 0 467 0.0 0 0 0.0 -19 1676 15 3 0.48 0.3 0.44 31 3 4 4 0.6 0.6 0.3 0.25 0.1 0.1 2 0 0 0
not_master	175 0 570 -123 636 0.17 0.03 0.0 0 -1735 0 7 2 0.23 0.3 0.28 31 4 2 4 0.6 0.55 0.2 0.2 0.1 0.1 4 1 1 10
not_master	175 0 581 0 68 0.0 0 0.0 0 -18 112 12 3 0.55 0.5 0 22 3 4 2 0.5 0.5 0.2 0.2 0.2 0.15 1 0 1 19
not_master	175 0 581 0 73 3.26 0.73 0.0 0 -197 45 15 4 0.68 0.6 0 22 1 2 4 0.7 0.5 0.2 0.15 0.1 0.1 3 0 1 10
master	175 0 129 -14 757 61.51 9.97 0 0.0 -950 60 13 3 0.33 0.4 0.36 40 1 4 4 0.4 0.45 0.4 0.2 0.1 0.15 11 1 1 19
master	175 0 129 -26 172 15.26 2.48 0 0.0 -154 206 21 7 0.53 0.6 0.52 40 4 4 4 0.3 0.45 0.4 0.2 0.2 0.25 5 1 1 20
not_master	175 0 390 -52 373 0.0 0 0 0.0 -160 5093 39 7 0.57 0.3 0.32 69 2 4 2 0.4 0.35 0.2 0.2 0.3 0.3 3 6 1 9
not_master	175 0 390 -2 279 1.07 0.13 0.0 0.0 -5102 110 32 4 0.46 0.2 0.32 69 4 4 4 0.5 0.45 0.3 0.2 0.2 0.25 2 2 1 14
master	175 0 290 -72 205 0.0 0 0 0 -95 195 12 4 0.38 0.2 0.32 32 2 4 4 0.6 0.45 0.4 0.2 0.0 0.15 3 0 1 31
master	175 0 290 -110 497 0.17 0.03 0 0.0 -524 86 16 5 0.5 0.4 0.48 32 4 4 4 0.5 0.45 0.2 0.15 0.2 0.15 5 1 1 30
master	175 0 437 -8 294 0.0 0 0 0 -28 44 12 4 0.5 0.3 0 24 2 4 4 0.6 0.35 0.2 0.15 0.2 0.35 1 0 1 17
master	175 0 437 -11 287 0.0 0 0.0 0 -317 0 11 4 0.48 0.7 0 23 3 4 4 0.7 0.45 0.2 0.25 0.1 0.1 1 0 1 10
not_master	175 0 561 -29 5040 92.94 12.1 0 0.0 -152 5127 22 7 0.36 0.5 0.52 61 4 4 4 0.4 0.35 0.5 0.5 0.1 0.1 1 7 1 29
not_master	175 0 561 -12 496 0.0 0 0 0 -12833 103 28 5 0.46 0.3 0.28 61 0 4 4 0.5 0.45 0.3 0.25 0.2 0.2 1 1 1 10
not_master	175 0 100 -30 127 2.97 0.44 0 0 -63 89 14 3 0.29 0.2 0.32 48 3 4 4 0.4 0.5 0.3 0.25 0.1 0.1 8 0 1 31
master	175 0 100 0 93 0.0 0 0 0 -117 37 14 2 0.29 0.3 0.32 48 3 4 4 0.4 0.4 0.3 0.35 0.2 0.1 2 0 1 10
not_master	175 0 100 -3 145 2.43 0.42 0 0.0 -521 99 17 6 0.47 0.6 0.48 36 2 4 4 0.4 0.3 0.5 0.35 0.1 0.15 4 0 1 21
not_master	175 0 100 -5 263 0.0 0 0 0 -199 423 18 4 0.51 0.6 0.44 35 3 4 4 0.5 0.5 0.4 0.3 0.1 0.15 0 0 1 20
not_master	175 0 532 -63 98 1.14 0.11 0 0 -4153 62 59 9 0.55 0.3 0.48 108 0 4 1 0.6 0.35 0.1 0.2 0.1 0.2 3 3 0 0
not_master	175 0 532 -2 4145 0.0 0 0 0.0 -83 4149 46 5 0.43 0.3 0.36 107 3 4 2 0.6 0.4 0.1 0.2 0.3 0.15 0 9 1 8
not_master	175 0 388 -183 175 2.02 0.3 0 0 -1049 36 19 6 0.41 0.4 0.32 46 3 4 2 0.5 0.45 0.1 0.25 0.3 0.2 3 1 1 9
not_master	175 0 388 -11 695 101.3 15.44 0.0 0 -65 604 18 3 0.4 0.3 0.36 45 3 4 4 0.5 0.55 0.4 0.25 0.1 0.15 2 2 1 22
master	175 0 100 -6 449 0.0 0 0 0.0 -79 144 33 4 0.45 0.3 0.44 74 2 4 4 0.5 0.35 0.2 0.3 0.2 0.15 6 3 1 13
not_master	175 0 100 0 316 0.0 0 0.0 0 -407 36 31 12 0.42 0.3 0.32 73 3 1 4 0.5 0.45 0.3 0.2 0.1 0.1 2 5 1 28
not_master	175 0 405 -39 374 69.31 13.85 0 0 -1164 72 8 2 0.3 0.2 0.32 27 3 4 4 0.5 0.55 0.3 0.2 0.1 0.1 1 0 1 15
master	175 0 405 0 212 0.0 0 0 0.0 -70 814 9 2 0.35 0.2 0.32 26 2 4 4 0.5 0.45 0.3 0.25 0.2 0.15 4 2 1 18
not_master	175 0 560 -122 264 0.0 0 0.0 0.0 -1579 120 22 4 0.48 0.5 0.6 46 0 4 4 0.7 0.55 0.2 0.3 0.1 0.1 1 0 0 0
master	175 0 560 0 777 0.0 0 0 0 -160 1445 21 4 0.47 0.3 0.48 45 4 4 4 0.6 0.35 0.3 0.2 0.1 0.3 3 3 1 8
not_master	175 0 201 -59 620 8.0 1.03 0.0 0 -650 93 27 4 0.44 0.7 0.4 62 4 4 2 0.6 0.4 0.2 0.3 0.2 0.15 0 4 1 11
master	175 0 201 -6 151 19.02 2.48 0 0.0 -176 187 36 6 0.59 0.3 0.52 61 0 4 2 0.3 0.2 0.4 0.35 0.2 0.2 2 0 1 18
master	175 0 142 0 556 0.0 0 0.0 0 4 409 6 2 0.38 0.4 0 16 2 4 4 0.6 0 0.3 0 0.1 0.15 1 0 0 0
not_master	175 0 142 0 186 3.28 0.88 0 0 -522 0 3 1 0.19 0.1 0 16 2 2 3 0.8 0 0.1 0 0.1 0.2 1 0 1 16
master	175 0 417 -56 421 0.0 0 0.0 0 -99 1265 30 6 0.51 0.3 0.48 59 2 4 4 0.5 0.4 0.4 0.3 0.1 0.2 0 0 1 19
not_master	175 0 417 -85 255 0.0 0 0 0 -1299 0 24 4 0.41 0.3 0.32 59 3 4 4 0.6 0.4 0.1 0.3 0.3 0.15 5 0 1 18
master	175 0 365 -14 450 77.06 14.06 0.0 0 -371 1036 15 6 0.47 0.4 0.52 32 1 4 2 0.5 0.5 0.3 0.15 0.2 0.1 11 3 1 13
master	175 0 365 0 489 0.0 0 0.0 0 -862 54 14 6 0.44 0.3 0.4 32 2 4 4 0.2 0.2 0.4 0.2 0.4 0.35 8 1 0 0
master	175 0 395 -5 483 10.46 1.44 0.0 0 -549 327 35 6 0.64 0.5 0.6 55 4 4 2 0.5 0.5 0.1 0.15 0.3 0.25 3 4 1 9
master	175 0 395 -14 509 0.0 0 0.0 0 -553 224 30 10 0.55 0.6 0.52 55 4 4 4 0.5 0.35 0.4 0.35 0.1 0.15 8 2 1 16
master	175 0 350 -1 286 1.74 0.19 0 0.0 -192 212 31 4 0.37 0.3 0.36 83 2 4 3 0.7 0.5 0.1 0.2 0.1 0.15 13 1 1 7
master	175 0 350 -10 752 81.55 9.06 0 0.0 -835 13 41 4 0.49 0.3 0.48 83 4 4 4 0.4 0.5 0.4 0.2 0.2 0.2 8 4 1 10
master	175 0 453 -27 164 0.0 0 0 0.0 -155 94 17 3 0.39 0.3 0.36 44 4 4 4 0.3 0.35 0.3 0.2 0.3 0.2 3 2 1 35
master	175 0 453 -1 669 1.91 0.3 0.0 0.0 -744 25 18 3 0.41 0.5 0.48 44 4 2 4 0.6 0.4 0.2 0.25 0.1 0.1 4 0 1 12
master	175 0 100 -21 3948 2.57 -0.32 0.0 0.0 -4134 251 33 7 0.51 0.4 0.32 65 0 4 4 0.3 0.4 0.5 0.4 0.1 0.1 1 6 1 39
not_master	175 0 100 -128 81 0.0 0 0 0 -321 4133 37 11 0.58 0.5 0.36 64 0 4 1 0.4 0.5 0.1 0.05 0.3 0.25 2 3 0 0
not_master	175 0 100 -121 140 0.0 0 0 0.0 -169 205 36 4 0.46 0.3 0.28 79 3 2 2 0.6 0.45 0.2 0.2 0.2 0.15 2 1 1 49
not_master	175 0 100 0 103 0.0 0 0.0 0.0 -158 99 30 4 0.38 0.3 0.32 78 3 2 4 0.8 0.55 0.1 0.15 0.1 0.2 4 0 1 32
not_master	175 0 314 -40 1266 83.24 13.87 0 0.0 -249 1266 21 3 0.55 0.4 0.52 38 3 4 2 0.4 0.55 0.3 0.2 0.3 0.2 3 4 1 25
not_master	175 0 314 0 139 0.0 0 0 0.0 -1045 1 18 7 0.47 0.2 0.32 38 0 4 4 0.6 0.6 0.2 0.2 0.1 0.1 3 2 1 14
master	175 0 380 -13 841 155.86 31.15 0 0.0 -456 281 14 5 0.52 0.5 0.56 27 2 4 2 0.5 0.35 0.2 0.25 0.3 0.3 2 0 1 9
master	175 0 380 -14 268 9.08 1.81 0 0.0 -764 28 15 4 0.56 0.6 0.6 27 3 4 4 0.5 0.4 0.4 0.35 0.1 0.15 3 1 0 0
master	175 0 140 0 905 0.0 0 0 0 -879 479 12 3 0.33 0.4 0.36 36 4 4 4 0.5 0.3 0.3 0.15 0.1 0.25 6 0 1 25
not_master	175 0 140 -34 545 0.0 0 0.0 0.0 -646 66 15 3 0.43 0.3 0.4 35 3 2 2 0.3 0.45 0.2 0.15 0.4 0.2 4 2 1 22
not_master	175 0 142 0 95 8.05 1.4 0 0 -46 150 14 4 0.4 0.2 0.32 35 3 4 4 0.5 0.4 0.2 0.3 0.1 0.15 2 0 1 35
not_master	175 0 142 0 115 8.66 1.53 0 0.0 -182 7 16 5 0.47 0.2 0.48 34 2 2 4 0.5 0.4 0.2 0.25 0.2 0.2 6 1 1 34
not_master	175 0 583 -5 154 2.53 0.42 0 0.0 -539 107 17 4 0.45 0.3 0.44 38 1 4 4 0.4 0.4 0.3 0.3 0.2 0.15 9 0 1 23
not_master	175 0 583 0 284 36.63 6.19 0 0 -154 383 15 4 0.41 0.3 0.4 37 3 4 4 0.5 0.5 0.4 0.3 0.1 0.1 7 3 1 10
not_master	175 0 104 -133 1325 0.0 0 0 0.0 -1311 119 22 10 0.47 0.1 0.4 47 1 4 4 0.3 0.35 0.4 0.2 0.1 0.15 17 3 1 27
not_master	175 0 104 -15 172 0.0 0 0 0.0 -218 125 22 8 0.47 0.2 0.52 47 4 1 1 0.5 0.4 0.2 0.1 0.1 0.2 5 1 1 14
not_master	175 0 100 0 303 0.0 0 0.0 0 -205 217 33 6 0.52 0.3 0.48 64 4 4 4 0.4 0.45 0.3 0.15 0.2 0.3 4 1 1 21
not_master	175 0 100 -66 90 6.2 0.79 0 0.0 -160 0 31 4 0.49 0.6 0.48 63 4 4 4 0.4 0.5 0.3 0.2 0.3 0.15 7 2 1 16
master	175 0 114 -24 560 89.57 15.14 0.0 0 -64 706 13 3 0.35 0.2 0.32 37 3 4 2 0.6 0.55 0.1 0.15 0.2 0.1 3 1 1 9
not_master	175 0 114 -7 216 0.0 0 0.0 0 -859 21 15 4 0.41 0.4 0.44 37 3 4 4 0.6 0.5 0.2 0.3 0.2 0.15 3 0 1 10
not_master	175 0 324 -1518 445 263.85 -48.97 0 0.0 -1771 25 15 5 0.48 0.6 0.52 31 3 2 2 0.6 0.3 0.1 0.25 0.2 0.25 5 0 1 11
master	175 0 324 0 555 0.0 0 0 0 -566 1816 15 5 0.5 0.5 0.4 30 3 4 4 0.3 0.25 0.3 0.2 0.3 0.3 4 3 1 10
not_master	175 0 231 -264 998 4.11 0.66 0 0 -1195 130 18 5 0.44 0.2 0.32 41 4 4 3 0.4 0.35 0.3 0.25 0.2 0.25 6 0 1 7
not_master	175 0 231 -116 220 0.0 0 0 0.0 -164 321 22 4 0.55 0.5 0.52 40 1 4 4 0.7 0.4 0.2 0.2 0.1 0.15 11 4 1 14
not_master	175 0 570 -46 268 0.0 0 0 0.0 -49 175 17 5 0.4 0.2 0.32 43 2 4 4 0.6 0.5 0.2 0.15 0.2 0.25 4 0 1 15
not_master	175 0 570 0 458 1.19 0.19 0 0.0 -585 24 18 4 0.42 0.3 0.4 43 3 4 4 0.6 0.45 0.3 0.4 0.1 0.05 2 0 1 10
master	175 0 100 0 257 6.51 1.8 0 0 -131 88 11 5 0.73 0.6 0 15 2 4 4 0.4 0 0.2 0 0.4 0.25 0 0 1 17
master	175 0 100 -45 132 2.65 0.73 0.0 0 -137 25 7 3 0.47 0.4 0 15 1 4 4 0.3 0 0.3 0 0.1 0.05 8 0 1 16
master	175 0 458 0 125 5.34 1.33 0 0 -82 52 8 3 0.44 0.4 0 18 2 4 4 0.3 0 0.2 0 0.4 0.25 1 0 1 21
master	175 0 458 -36 138 0.0 0 0 0 -56 64 5 2 0.29 0.1 0 17 3 4 4 0.6 0 0.2 0 0.2 0.05 2 0 1 12
master	175 0 100 0 120 0.0 0 0 0.0 -96 44 17 7 0.57 0.5 0.48 30 0 4 4 0.3 0.3 0.4 0.35 0.1 0.1 2 0 1 17
master	175 0 100 -8 62 0.0 0 0 0.0 -100 53 18 6 0.6 0.6 0.52 30 4 4 4 0.4 0.3 0.2 0.25 0.2 0.2 1 0 1 16
master	175 0 100 0 139 8.0 3.0 0 0 -99 59 3 3 0.33 0 0 9 3 4 4 0 0 0 0 0.1 0.1 0 0 0 0
master	175 0 100 0 86 0.0 0 0 0 -119 0 5 3 0.56 0 0 9 2 4  0 0 0 0 0.2 0.2 0 0 0 0
not_master	175 0 240 0 317 0.0 0 0.0 0 -63 1225 27 8 0.6 0.5 0.48 45 2 4 4 0.5 0.3 0.3 0.2 0.2 0.2 6 1 1 17
not_master	175 0 240 -23 187 0.0 0 0 0 -1278 66 21 5 0.47 0.4 0.4 45 0 4 4 0.5 0.3 0.3 0.25 0.2 0.2 9 1 1 14
not_master	175 0 142 -107 987 0.0 0 0.0 0.0 -998 94 18 6 0.56 0.4 0.56 32 2 4 4 0.6 0.4 0.3 0.3 0.1 0.2 6 1 1 15
not_master	175 0 142 0 255 0.0 0 0 0.0 -277 328 14 5 0.45 0.3 0.36 31 3 2 4 0.6 0.45 0.3 0.25 0.1 0.15 3 1 1 14
not_master	175 0 590 -21 481 63.11 8.92 0.0 0 -418 941 27 6 0.52 0.5 0.48 52 1 4 4 0.6 0.4 0.2 0.25 0.2 0.1 13 5 1 21
not_master	175 0 590 -184 582 7.34 1.04 0.0 0 -1899 24 25 5 0.48 0.4 0.44 52 4 2 3 0.6 0.4 0.1 0.25 0.2 0.15 6 2 1 12
master	175 0 382 -28 777 0.0 0 0 0 -735 73 8 3 0.44 0.4 0 18 2 4 2 0.5 0 0.2 0 0.3 0.1 0 0 1 9
master	175 0 382 -6 96 0.0 0 0 0 -113 29 10 6 0.56 0.6 0 18 3 4 4 0.5 0 0.3 0 0.2 0.15 0 0 1 20
master	175 0 137 0 138 3.64 0.56 0.0 0.0 -108 331 20 9 0.44 0.2 0.36 45 2 2 4 0.5 0.3 0.4 0.45 0.1 0.15 0 0 1 11
master	175 0 137 -72 512 0.44 0.07 0 0 -534 39 13 2 0.29 0.1 0.32 45 2 2 4 0.6 0.4 0.2 0.2 0.2 0.15 4 0 1 26
not_master	175 0 404 -11 148 1.5 0.21 0.0 0.0 -656 56 22 7 0.42 0.5 0.44 52 4 4 2 0.4 0.3 0.2 0.25 0.2 0.15 6 3 1 13
master	175 0 404 -32 195 14.69 2.1 0 0 -90 620 26 6 0.51 0.7 0.4 51 4 4 4 0.6 0.4 0.1 0.25 0.2 0.1 4 1 1 18
not_master	175 0 307 -5 261 0.0 0 0 0.0 -380 81 21 5 0.47 0.5 0.52 45 4 4 4 0.5 0.35 0.3 0.3 0.2 0.25 1 1 1 17
master	175 0 307 -16 217 0.0 0 0.0 0 -130 384 20 8 0.45 0.5 0.52 44 2 4 1 0.4 0.4 0.2 0.1 0.2 0.15 7 0 1 34
master	175 0 437 -8 322 2.65 0.5 0 0 -231 85 16 4 0.53 0.6 0.56 30 2 4 4 0.4 0.3 0.4 0.2 0.1 0.25 4 0 1 27
master	175 0 437 0 128 0.0 0 0 0.0 -181 12 15 6 0.52 0.4 0.52 29 3 4 4 0.4 0.3 0.4 0.2 0.2 0.25 2 2 1 26
master	175 0 308 -64 107 1.05 0.17 0 0.0 -94 131 11 2 0.26 0.3 0.24 42 4 4 2 0.4 0.35 0.3 0.3 0.2 0.2 1 3 1 27
master	175 0 308 -16 176 0.0 0 0 0.0 -132 57 16 3 0.39 0.5 0.4 41 4 2 4 0.4 0.3 0.3 0.3 0.1 0.15 2 2 1 26
master	175 0 453 -488 356 0.0 0 0.0 0 -618 380 17 5 0.4 0.3 0.36 43 1 4 4 0.4 0.3 0.2 0.25 0.3 0.25 11 2 1 21
master	175 0 453 0 674 0.0 0 0.0 0 -486 595 23 5 0.55 0.5 0.44 42 1 2 4 0.7 0.35 0.2 0.3 0.1 0.15 10 1 1 12
master	175 0 505 -38 140 6.06 -1.29 0.0 0 -137 27 12 4 0.5 0.5 0 24 1 4 4 0.3 0.2 0.5 0.25 0.2 0.2 5 1 1 31
master	175 0 505 -21 245 15.45 3.29 0.0 0 -224 103 13 8 0.54 0.4 0 24 4 4 4 0.5 0.45 0.2 0.1 0.1 0.1 4 0 1 10
master	175 0 137 -47 189 9.43 1.32 0 0 -284 125 21 7 0.4 0.3 0.36 53 4 4 4 0.5 0.45 0.2 0.15 0.2 0.2 6 1 1 11
master	175 0 137 0 234 31.83 4.5 0 0 -167 262 23 4 0.44 0.3 0.44 52 4 2 4 0.6 0.7 0.2 0.2 0.1 0.05 8 0 1 16
master	175 0 466 -36 890 0.0 0 0 0 -858 99 26 4 0.47 0.4 0.44 55 2 4 4 0.3 0.25 0.2 0.35 0.4 0.35 4 2 1 33
master	175 0 466 -30 344 0.0 0 0 0 -251 41 29 8 0.54 0.5 0.52 54 1 4 4 0.7 0.55 0.2 0.1 0.1 0.15 13 4 1 12
not_master	175 0 142 0 245 0.0 0 0 0.0 -201 94 27 9 0.52 0.2 0.36 52 3 4 2 0.5 0.4 0.1 0.3 0.2 0.15 3 2 1 27
not_master	175 0 142 0 380 2.18 0.31 0 0 -185 135 22 4 0.42 0.1 0.24 52 3 2 4 0.4 0.45 0.3 0.2 0.3 0.25 1 1 1 30
not_master	175 0 142 -148 149 0.0 0 0 0.0 -371 146 10 2 0.4 0.3 0.4 25 3 4 2 0.6 0.5 0.1 0.25 0.2 0.2 1 3 1 15
master	175 0 142 -11 348 68.08 14.5 0 0 -215 333 11 6 0.46 0.2 0 24 3 2 4 0.6 0.45 0.1 0.25 0.2 0.15 0 0 0 0
not_master	175 0 296 0 228 0.0 0 0 0 -558 264 10 2 0.31 0.4 0.36 32 3 4 4 0.6 0.45 0.3 0.25 0.1 0.15 4 0 1 23
not_master	175 0 296 -6 395 67.27 12.48 0.0 0 -195 485 12 3 0.39 0.3 0.4 31 1 4 1 0.7 0.4 0.1 0.1 0.0 0.1 6 3 1 32
master	175 0 244 -31 292 0.0 0 0 0 -45 412 14 2 0.47 0.4 0.44 30 4 4 4 0.4 0.3 0.5 0.3 0.1 0.1 3 0 1 19
master	175 0 244 -121 173 0.0 0 0 0 -433 33 14 3 0.47 0.4 0.48 30 2 4 4 0.7 0.45 0.2 0.2 0.1 0.35 0 0 1 18
master	175 0 251 -76 80 5.92 -0.77 0 0.0 -89 69 29 6 0.48 0.3 0.44 61 0 4 2 0.3 0.3 0.3 0.3 0.2 0.2 3 3 1 17
master	175 0 251 0 144 0.0 0 0 0 -170 64 33 7 0.54 0.5 0.56 61 4 2 4 0.6 0.4 0.1 0.1 0.1 0.35 2 7 1 30
not_master	175 0 329 -1127 725 205.38 -40.25 0 0 -1443 36 13 4 0.46 0.5 0.52 28 1 4 4 0.5 0.5 0.2 0.1 0.2 0.15 6 0 1 19
master	175 0 329 -89 321 0.0 0 0.0 0 -76 1099 17 5 0.63 0.7 0.6 27 4 4 4 0.3 0.2 0.4 0.25 0.3 0.3 3 1 1 22
master	175 0 458 -19 423 2.77 -0.45 0.0 0 -340 56 20 4 0.5 0.5 0.52 40 2 4 4 0.3 0.4 0.2 0.2 0.4 0.3 2 0 1 21
master	175 0 458 -4 96 3.39 0.55 0.0 0 -139 35 18 4 0.45 0.4 0.48 40 2 2 4 0.6 0.45 0.2 0.2 0.2 0.2 6 0 1 12
master	175 0 353 0 354 3.61 0.54 0.0 0 -283 122 24 3 0.52 0.5 0.48 46 4 4 2 0.8 0.45 0.1 0.15 0.1 0.25 3 6 1 17
master	175 0 353 -40 237 0.0 0 0 0 -214 31 20 4 0.44 0.2 0.36 45 4 4 4 0.5 0.3 0.4 0.25 0.1 0.25 4 1 1 10
not_master	175 0 100 -19 497 1.62 0.17 0 0.0 -363 429 43 6 0.45 0.5 0.52 95 4 4 2 0.5 0.45 0.2 0.1 0.2 0.2 18 9 1 25
master	175 0 100 -11 4566 465.94 48.57 0 0 -4606 0 45 6 0.48 0.4 0.44 94 0 4 4 0.4 0.4 0.3 0.3 0.1 0.05 17 2 1 16
not_master	175 0 241 -28 654 39.42 5.22 0.0 0 -210 410 23 4 0.39 0.4 0.24 59 2 4 4 0.5 0.45 0.3 0.2 0.2 0.1 3 4 1 23
not_master	175 0 241 -16 134 12.93 1.71 0 0 -451 2 21 5 0.36 0.1 0.12 59 2 4 4 0.6 0.45 0.1 0.15 0.2 0.2 4 4 1 24
not_master	175 0 431 -11 144 0.0 0 0 0 -23 893 22 7 0.55 0.7 0.52 40 2 4 4 0.5 0.45 0.2 0.2 0.2 0.3 3 1 1 41
not_master	175 0 431 -22 89 0.77 0.12 0.0 0 -989 0 19 6 0.47 0.8 0.52 40 1 2 4 0.6 0.4 0.2 0.2 0.2 0.2 11 1 1 14
master	175 0 380 -95 430 1.19 0.19 0 0.0 -372 90 20 3 0.47 0.6 0.44 43 4 4 2 0.5 0.3 0.2 0.3 0.3 0.35 0 1 1 9
master	175 0 380 -9 138 0.0 0 0 0 -92 354 20 4 0.47 0.5 0.48 43 4 4 4 0.5 0.35 0.4 0.4 0.1 0.1 2 1 0 0
master	175 0 477 -7 170 26.13 5.22 0.0 0 -174 83 8 2 0.3 0.4 0.32 27 1 4 4 0.5 0.35 0.3 0.2 0.2 0.1 10 0 1 9
master	175 0 477 -44 269 45.77 9.15 0.0 0.0 -181 51 16 3 0.59 0.7 0.6 27 2 2 4 0.7 0.45 0.1 0.25 0.2 0.2 2 0 1 10
master	175 0 350 -3 149 22.35 3.62 0 0 -135 369 21 7 0.53 0.4 0.56 40 2 4 3 0.6 0.4 0.2 0.25 0.1 0.2 8 2 1 7
master	175 0 350 -68 297 10.48 -1.7 0 0.0 -390 31 16 3 0.4 0.3 0.4 40 1 4 4 0.4 0.4 0.4 0.3 0.2 0.25 10 2 1 10
master	175 0 521 -20 442 0.0 0 0.0 0 -350 1048 13 3 0.39 0.2 0.36 33 3 4 4 0.4 0.5 0.2 0.15 0.1 0.15 4 2 1 23
not_master	175 0 521 -35 353 0.17 0.03 0 0 -1124 134 13 3 0.39 0.2 0.36 33 4 4 4 0.5 0.5 0.2 0.2 0.2 0.15 1 1 1 24
not_master	175 0 213 -88 81 0.0 0 0 0.0 -638 79 24 6 0.45 0.2 0.36 53 0 2 4 0.6 0.45 0.2 0.1 0.1 0.15 7 0 1 17
not_master	175 0 213 -8 277 37.67 5.33 0 0 -185 545 27 5 0.52 0.3 0.36 52 3 4 2 0.4 0.4 0.2 0.2 0.3 0.25 7 4 1 24
not_master	175 0 142 -94 200 0.0 0 0 0 -171 702 15 3 0.42 0.4 0.4 36 2 4 4 0.6 0.45 0.2 0.2 0.2 0.3 4 0 1 37
not_master	175 0 142 -16 928 1.3 0.22 0 0.0 -903 148 15 4 0.42 0.0 0.36 36 1 2 4 0.4 0.3 0.3 0.4 0.2 0.2 8 0 1 14
master	175 0 208 -16 628 0.0 0 0 0.0 -516 115 27 6 0.42 0.5 0.36 64 0 4 4 0.4 0.4 0.2 0.15 0.2 0.2 7 1 1 11
master	175 0 208 0 141 0.0 0 0 0 -177 278 36 6 0.57 0.2 0.28 63 4 4 4 0.5 0.3 0.3 0.3 0.2 0.3 2 5 1 10
not_master	175 0 223 -12 220 40.77 8.15 0 0.0 -40 387 13 6 0.48 0.1 0.52 27 4 4 4 0.5 0.45 0.3 0.15 0.2 0.15 4 2 1 11
not_master	175 0 223 -41 339 7.6 -1.52 0 0.0 -666 9 13 4 0.48 0.4 0.48 27 1 4 4 0.3 0.4 0.4 0.2 0.2 0.2 5 1 1 28
master	175 0 427 -31 1111 1.16 -0.16 0 0 -1086 123 25 4 0.43 0.5 0.44 58 1 4 4 0.5 0.4 0.3 0.3 0.2 0.1 19 8 1 11
master	175 0 427 -13 159 1.17 0.16 0.0 0 -147 13 23 5 0.4 0.4 0.44 57 0 4 4 0.6 0.5 0.2 0.2 0.2 0.25 10 5 1 22
not_master	175 0 206 0 212 0.0 0 0 0 -75 177 14 3 0.4 0.4 0.32 35 2 4 4 0.5 0.4 0.2 0.1 0.3 0.25 4 0 1 17
not_master	175 0 206 -46 220 0.0 0 0 0 -322 70 15 6 0.43 0.3 0.36 35 3 2 3 0.6 0.35 0.1 0.3 0.3 0.25 3 3 1 10
not_master	175 0 142 -40 2079 303.03 46.2 0 0 -23 2410 26 6 0.58 0.4 0.56 45 0 4 4 0.3 0.35 0.4 0.2 0.2 0.3 6 9 1 25
not_master	175 0 142 -33 141 0.0 0 0 0 -2343 6 19 6 0.42 0.2 0.36 45 0 2 4 0.6 0.4 0.2 0.15 0.2 0.1 5 0 1 14
master	175 0 290 -20 37 6.18 1.35 0 0 -19 160 12 5 0.52 0.4 0 23 3 4 4 0.5 0.5 0.4 0.3 0.1 0.15 0 0 1 19
master	175 0 290 0 107 0.0 0 0 0 -133 0 11 2 0.48 0.4 0 23 2 4 4 0.7 0.55 0.2 0.2 0.1 0.2 0 0 1 32
master	175 0 458 -541 697 80.58 -12.58 0 0 -954 29 16 3 0.37 0.1 0.2 43 1 4 4 0.4 0.35 0.2 0.1 0.3 0.2 9 1 1 21
master	175 0 458 -2 602 81.49 12.88 0.0 0.0 -94 647 16 5 0.38 0.3 0.32 42 1 2 4 0.6 0.45 0.2 0.25 0.2 0.1 9 2 1 12
not_master	175 0 435 -280 172 0.0 0 0.0 0 -468 154 36 8 0.57 0.2 0.48 63 1 4 2 0.4 0.3 0.1 0.1 0.2 0.2 23 7 0 0
not_master	175 0 435 -12 352 6.5 0.84 0 0.0 -416 449 33 6 0.53 0.5 0.56 62 4 4 4 0.4 0.3 0.4 0.25 0.2 0.3 14 8 1 28
master	175 0 405 0 1184 0.0 0 0.0 0 -1195 67 20 8 0.51 0.2 0.36 39 1 4 4 0.5 0.4 0.2 0.2 0.2 0.15 10 0 1 9
master	175 0 405 0 1332 0.0 0 0 0.0 -1318 48 18 5 0.47 0.2 0.4 38 1 4 4 0.5 0.4 0.3 0.25 0.2 0.2 8 6 1 16
not_master	175 0 142 -405 320 0.0 0 0.0 0 -597 506 22 4 0.42 0.2 0.28 52 0 4 4 0.5 0.3 0.2 0.25 0.2 0.15 3 4 1 15
not_master	175 0 142 -29 436 11.12 1.59 0 0.0 -426 498 21 3 0.41 0.4 0.4 51 3 2 4 0.5 0.35 0.3 0.45 0.1 0.1 1 4 1 14
not_master	175 0 431 -34 130 7.22 1.26 0 0 -111 107 17 7 0.49 0.4 0.36 35 4 4 4 0.6 0.45 0.2 0.15 0.2 0.3 5 1 1 27
not_master	175 0 431 -75 295 7.39 1.29 0 0.0 -205 62 18 5 0.51 0.4 0.52 35 3 4 4 0.7 0.5 0.0 0.25 0.3 0.15 5 2 1 26
master	175 0 437 -1092 333 0.0 0 0.0 0.0 -1092 364 27 6 0.46 0.2 0.28 59 4 4 4 0.5 0.25 0.2 0.25 0.1 0.25 5 2 1 45
master	175 0 437 -246 382 1.79 0.24 0 0 -447 325 27 4 0.46 0.4 0.48 59 4 4 4 0.4 0.3 0.2 0.2 0.2 0.2 7 10 1 10
not_master	175 0 415 -1067 1012 134.38 -17.49 0 0 -868 304 28 8 0.46 0.4 0.48 61 0 4 4 0.3 0.2 0.3 0.4 0.3 0.25 4 7 1 23
not_master	175 0 415 -32 427 0.0 0 0.0 0.0 -722 908 25 2 0.42 0.4 0.4 60 1 4 4 0.6 0.5 0.2 0.25 0.1 0.1 25 23 1 12
not_master	175 0 200 -78 649 3.41 0.46 0 0.0 -944 140 22 6 0.39 0.1 0.32 56 3 4 4 0.5 0.35 0.2 0.3 0.2 0.2 2 3 1 15
not_master	175 0 200 -54 149 0.0 0 0.0 0.0 -147 432 26 4 0.47 0.2 0.28 55 2 4 4 0.4 0.45 0.2 0.1 0.2 0.25 4 3 1 10
not_master	175 0 100 -47 1423 163.18 19.23 0 0 -256 1426 31 8 0.42 0.2 0.28 74 4 4 4 0.5 0.45 0.2 0.25 0.2 0.25 15 17 1 9
master	175 0 100 -148 650 0.0 0 0.0 0 -2596 122 24 3 0.32 0.3 0.28 74 0 4 4 0.5 0.55 0.4 0.3 0.1 0.05 12 3 1 12
master	175 0 453 -25 1065 4.41 -0.83 0.0 0 -1049 141 7 2 0.23 0.2 0.2 30 4 4 4 0.3 0.35 0.3 0.25 0.3 0.2 4 0 1 29
master	175 0 453 -17 825 97.95 18.5 0.0 0 -829 51 16 4 0.53 0.5 0.56 30 1 2 4 0.6 0.55 0.2 0.15 0.1 0.15 7 0 1 12
not_master	175 0 361 -2 857 63.6 12.46 0.0 0.0 -531 312 9 3 0.32 0.4 0.28 28 1 4 4 0.2 0.35 0.2 0.25 0.3 0.15 6 3 1 9
not_master	175 0 361 -64 204 11.66 -2.29 0 0.0 -522 0 11 2 0.39 0.4 0.4 28 3 4 4 0.4 0.4 0.3 0.2 0.1 0.05 5 0 0 0
not_master	175 0 240 -17 86 0.52 0.1 0.0 0 -395 72 15 4 0.48 0.4 0.48 31 4 4 4 0.4 0.4 0.4 0.2 0.2 0.25 0 2 1 17
master	175 0 240 0 240 0.0 0 0 0.0 -98 370 19 6 0.63 0.4 0.56 30 3 4 4 0.6 0.35 0.2 0.1 0.2 0.2 3 0 1 16
not_master	175 0 535 -87 249 0.0 0 0 0 -1258 22 10 2 0.19 0.1 0.16 54 4 4 2 0.4 0.35 0.1 0.15 0.4 0.25 3 2 1 29
not_master	175 0 535 -8 226 0.0 0 0 0.0 -62 1231 24 6 0.45 0.3 0.48 53 4 4 4 0.6 0.45 0.2 0.15 0.1 0.15 3 1 1 34
master	175 0 243 -1 149 0.0 0 0 0 -15 1087 14 3 0.45 0.4 0.4 31 2 4 4 0.5 0.4 0.4 0.3 0.1 0.2 3 2 1 13
not_master	175 0 243 0 717 0.0 0 0 0 -1140 39 11 3 0.35 0.3 0.32 31 1 4 4 0.6 0.45 0.3 0.2 0.0 0.25 6 0 0 0
not_master	175 0 437 -200 165 27.46 -3.92 0 0.0 -787 84 25 4 0.49 0.3 0.48 51 4 4 4 0.4 0.4 0.2 0.15 0.2 0.2 5 2 1 23
master	175 0 437 -1 108 0.0 0 0.0 0 -82 688 31 8 0.62 0.4 0.6 50 4 4 4 0.5 0.35 0.2 0.3 0.2 0.2 4 6 1 10
master	175 0 100 -119 219 7.26 -1.3 0.0 0.0 -108 93 19 6 0.58 0.5 0.48 33 4 2 2 0.4 0.25 0.2 0.15 0.4 0.3 5 0 1 23
not_master	175 0 100 -20 180 0.0 0 0 0.0 -137 112 20 5 0.61 0.4 0.52 33 1 2 3 0.7 0.55 0.1 0.15 0.1 0.15 7 6 1 14
master	175 0 100 0 315 28.43 5.57 0.0 0.0 -123 1037 15 4 0.54 0.5 0.48 28 2 4 4 0.6 0.4 0.2 0.2 0.2 0.2 4 5 1 17
not_master	175 0 100 -28 154 0.0 0 0 0.0 -1341 0 20 6 0.71 0.7 0.72 28 2 4 4 0.6 0.5 0.2 0.2 0.2 0.2 1 0 1 16
master	175 0 302 -90 618 12.16 2.03 0 0 -1094 210 17 6 0.45 0.4 0.48 38 4 4 4 0.7 0.45 0.2 0.15 0.1 0.15 6 1 0 0
master	175 0 302 -30 1525 0.0 0 0 0 -703 935 16 4 0.43 0.4 0.44 37 2 4 4 0.5 0.55 0.3 0.2 0.1 0.15 3 1 1 26
not_master	175 0 223 -13 783 0.0 0 0 0.0 -6295 93 25 4 0.48 0.2 0.4 52 1 4 4 0.3 0.35 0.4 0.25 0.2 0.2 10 0 1 11
not_master	175 0 223 -16 2597 0.0 0 0.0 0.0 -229 2597 24 4 0.47 0.7 0.52 51 1 4 4 0.6 0.55 0.3 0.2 0.1 0.15 13 6 1 20
not_master	175 0 100 -16 147 3.05 0.59 0 0 -156 9 10 3 0.34 0.1 0.36 29 3 4 1 0.5 0.3 0.1 0.15 0.1 0.2 5 2 1 17
master	175 0 100 -14 107 4.66 0.9 0 0.0 -54 83 12 5 0.41 0.3 0.44 29 2 1 4 0.6 0.3 0.2 0.15 0.2 0.25 2 2 0 0
not_master	175 0 200 0 251 12.24 1.87 0 0 -87 193 21 4 0.47 0.3 0.4 45 3 4 4 0.5 0.25 0.3 0.3 0.1 0.3 4 0 1 47
not_master	175 0 200 -15 130 3.06 0.47 0 0 -256 17 19 5 0.42 0.2 0.36 45 4 2 4 0.6 0.45 0.2 0.3 0.2 0.15 2 2 1 34
not_master	175 0 140 -77 302 4.8 0.81 0.0 0.0 -5 523 19 5 0.51 0.3 0.4 37 3 4 4 0.6 0.5 0.2 0.2 0.2 0.1 3 0 1 11
not_master	175 0 140 -42 123 6.72 -1.14 0 0 -622 0 8 1 0.22 0.1 0.16 37 3 4 2 0.4 0.3 0.2 0.3 0.3 0.25 3 0 1 18
master	175 0 100 -26 83 8.05 1.47 0 0.0 -105 64 11 6 0.34 0.3 0.44 32 3 4 2 0.6 0.4 0.2 0.15 0.2 0.2 4 2 1 13
master	175 0 100 0 169 3.65 0.68 0 0.0 -136 121 11 4 0.35 0.4 0.4 31 2 4 4 0.6 0.35 0.1 0.15 0.3 0.25 1 0 1 14
not_master	175 0 104 -466 419 0.0 0 0 0 -466 628 22 4 0.56 0.2 0.44 39 3 4 4 0.6 0.45 0.3 0.2 0.1 0.2 3 1 1 9
master	175 0 104 0 249 26.37 4.33 0 0.0 -737 17 12 4 0.31 0.3 0.2 39 4 4 4 0.5 0.5 0.4 0.25 0.1 0.05 4 4 1 12
not_master	175 0 212 -1 600 109.11 26.42 0 0 -75 191 8 2 0.42 0.4 0 19 2 4 2 0.6 0 0.2 0 0.2 0.2 3 2 1 17
not_master	175 0 212 -49 159 0.0 0 0.0 0 -506 0 10 6 0.53 0.4 0 19 2 2 2 0.5 0 0.1 0 0.4 0.05 0 1 1 18
master	175 0 142 -105 903 10.38 1.45 0 0 -604 300 18 3 0.34 0.4 0.32 53 3 4 4 0.5 0.4 0.3 0.3 0.2 0.25 5 3 1 23
not_master	175 0 142 0 286 7.28 1.02 0 0.0 -358 0 11 2 0.21 0.0 0.12 53 3 2 4 0.6 0.45 0.2 0.3 0.2 0.25 3 0 0 0
master	175 0 121 -53 109 0.0 0 0 0.0 -77 64 12 4 0.44 0.2 0.4 27 3 4 4 0.7 0.5 0.2 0.2 0.1 0.2 2 1 1 15
master	175 0 121 -1 139 14.14 2.88 0 0.0 -114 45 12 3 0.46 0.4 0.44 26 2 2 4 0.4 0.4 0.2 0.25 0.2 0.2 2 0 1 14
master	175 0 143 -58 695 23.01 3.68 0 0 -633 347 18 5 0.44 0.6 0.4 41 2 4 4 0.5 0.35 0.2 0.1 0.2 0.35 7 0 1 11
master	175 0 143 -7 414 63.82 10.35 0 0.0 -837 0 12 6 0.3 0.1 0.32 40 3 4 4 0.5 0.4 0.3 0.35 0.2 0.15 4 0 1 10
not_master	175 0 318 -30 305 0.0 0 0 0.0 -48 1397 16 4 0.59 0.5 0.56 27 1 4 4 0.7 0.45 0.1 0.2 0.1 0.1 5 0 0 0
not_master	175 0 318 -35 1012 11.49 2.3 0 0 -1243 22 7 2 0.26 0.2 0.28 27 1 2 2 0.5 0.4 0.1 0.2 0.3 0.2 6 1 1 32
master	175 0 437 -66 146 5.09 0.89 0.0 0.0 -147 111 17 6 0.49 0.2 0.52 35 2 4 4 0.5 0.35 0.2 0.3 0.1 0.15 3 0 0 0
master	175 0 437 -155 115 7.16 1.26 0 0.0 -141 89 16 3 0.47 0.4 0.48 34 4 2 4 0.4 0.45 0.2 0.15 0.3 0.2 3 2 1 10
not_master	175 0 307 -40 71 5.65 1.07 0 0 -40 80 14 4 0.47 0.6 0.52 30 3 4 4 0.4 0.3 0.5 0.35 0.1 0.2 2 0 1 13
not_master	175 0 307 -2 96 0.0 0 0 0 -96 25 10 4 0.34 0.7 0.36 29 3 4 1 0.5 0.3 0.3 0.15 0.0 0.25 5 0 1 26
not_master	175 0 397 -45 735 0.0 0 0.0 0.0 -666 76 26 3 0.46 0.4 0.44 57 0 4 2 0.4 0.4 0.1 0.2 0.4 0.25 5 0 1 9
not_master	175 0 397 -91 466 0.0 0 0 0.0 -200 632 29 6 0.52 0.4 0.48 56 3 4 4 0.6 0.5 0.3 0.25 0.1 0.15 8 9 1 16
not_master	175 0 445 -8 494 25.93 4.44 0 0.0 -1048 33 14 3 0.39 0.1 0.32 36 3 4 4 0.6 0.3 0.2 0.3 0.1 0.25 5 0 1 17
not_master	175 0 445 -48 391 31.36 5.46 0.0 0.0 -100 852 16 4 0.46 0.4 0.48 35 1 4 4 0.6 0.35 0.2 0.25 0.1 0.1 10 8 1 14
not_master	175 0 535 -92 297 46.34 7.62 0 0 -1008 211 13 2 0.33 0.1 0.28 39 1 4 2 0.4 0.4 0.2 0.15 0.3 0.2 7 0 1 21
not_master	175 0 535 -119 621 0.0 0 0 0 -588 694 14 4 0.37 0.3 0.36 38 1 4 4 0.6 0.55 0.2 0.1 0.2 0.2 11 1 1 16
not_master	175 0 243 -99 720 16.71 -3.0 0 0 -1480 85 11 3 0.33 0.2 0.24 33 1 4 4 0.5 0.4 0.3 0.2 0.1 0.2 9 0 1 13
not_master	175 0 243 0 393 0.0 0 0 0 -181 812 12 6 0.38 0.0 0.24 32 4 4 4 0.7 0.45 0.1 0.15 0.1 0.2 7 3 1 16
not_master	175 0 290 -57 511 0.0 0 0 0 -39 838 16 3 0.46 0.3 0.4 35 3 4 4 0.3 0.35 0.4 0.35 0.3 0.2 3 1 1 31
not_master	175 0 290 0 310 0.0 0 0 0.0 -880 0 15 3 0.43 0.4 0.44 35 3 4 4 0.6 0.4 0.3 0.3 0.1 0.2 4 1 1 30
not_master	175 0 478 -8 1094 0.0 0 0 0.0 -1049 147 30 5 0.38 0.2 0.28 79 2 4 4 0.5 0.25 0.2 0.25 0.2 0.25 4 5 1 9
not_master	175 0 478 -11 858 0.0 0 0.0 0 -1026 48 21 4 0.27 0.2 0.16 79 2 4 4 0.5 0.35 0.2 0.15 0.3 0.25 6 0 1 10
not_master	175 0 581 -165 353 36.02 4.69 0 0.0 -1066 316 35 8 0.57 0.3 0.52 61 3 4 2 0.5 0.25 0.2 0.2 0.2 0.2 1 4 0 0
master	175 0 581 0 202 15.23 2.0 0 0.0 -347 437 36 7 0.6 0.6 0.56 60 3 2 3 0.5 0.35 0.3 0.4 0.1 0.15 0 6 1 10
master	175 0 100 -7 214 0.0 0 0 0 -58 536 10 2 0.27 0.0 0.16 37 3 4 4 0.4 0.25 0.4 0.45 0.2 0.2 4 1 1 21
not_master	175 0 100 -9 88 11.52 1.95 0 0 -627 33 16 3 0.43 0.4 0.4 37 1 4 4 0.5 0.3 0.2 0.2 0.1 0.15 10 1 1 12
not_master	175 0 142 -25 106 0.0 0 0 0 -234 101 19 4 0.4 0.1 0.24 47 3 4 2 0.5 0.4 0.2 0.1 0.2 0.25 2 2 0 0
not_master	175 0 142 -9 149 1.0 0.15 0 0 -170 216 23 4 0.49 0.4 0.36 47 2 2 4 0.6 0.4 0.3 0.25 0.1 0.2 1 3 1 18
master	175 0 116 -57 103 0.0 0 0 0 -1 225 21 3 0.46 0.3 0.36 46 2 4 4 0.7 0.5 0.2 0.1 0.1 0.25 3 1 1 17
master	175 0 116 0 593 0.0 0 0 0.0 -802 0 14 3 0.3 0.1 0.12 46 3 4 4 0.5 0.45 0.4 0.25 0.1 0.15 6 1 1 18
master	175 0 100 0 84 8.17 1.52 0 0.0 0 243 19 8 0.61 0.6 0.56 31 1 4 4 0.4 0.4 0.3 0.15 0.2 0.2 5 0 1 17
master	175 0 100 0 115 2.09 0.39 0 0 -325 133 10 4 0.32 0.2 0.28 31 2 4 4 0.5 0.4 0.3 0.2 0.2 0.3 4 1 1 14
not_master	175 0 500 0 181 0.0 0 0.0 0 -429 38 11 4 0.46 0.5 0 24 2 4 4 0.5 0.35 0.2 0.15 0.2 0.25 1 0 1 17
not_master	175 0 500 0 192 0.0 0 0 0 -126 456 11 6 0.48 0.1 0 23 2 4 4 0.6 0.4 0.2 0.25 0.2 0.2 1 0 1 24
not_master	175 0 506 0 230 0.0 0 0 0 -232 503 27 5 0.5 0.2 0.32 54 3 4 1 0.5 0.3 0.1 0.2 0.2 0.2 9 3 1 11
not_master	175 0 506 -223 66 1.6 0.22 0 0 -525 85 28 5 0.52 0.5 0.44 54 4 4 4 0.6 0.4 0.1 0.15 0.3 0.2 5 1 1 10
master	175 0 109 0 203 36.4 7.0 0 0 -97 85 13 5 0.45 0.2 0.36 29 0 4 4 0.5 0.45 0.4 0.2 0.0 0.15 3 0 1 29
not_master	175 0 109 -12 133 0.0 0 0.0 0.0 -151 66 13 5 0.46 0.4 0.4 28 2 4 1 0.1 0.25 0.4 0.2 0.3 0.25 5 4 1 22
master	175 0 437 0 215 1.68 0.27 0 0 -227 123 19 6 0.46 0.3 0.48 41 4 4 4 0.5 0.3 0.2 0.35 0.1 0.25 5 1 1 31
master	175 0 437 -88 228 4.78 0.78 0 0 -313 64 13 3 0.33 0.5 0.4 40 1 4 4 0.4 0.35 0.2 0.15 0.3 0.25 9 0 1 10
not_master	175 0 100 -9 87 4.94 0.93 0 0 -42 62 9 4 0.3 0.2 0.32 30 3 4 4 0.5 0.35 0.2 0.25 0.3 0.2 3 0 1 17
master	175 0 100 0 154 0.0 0 0 0.0 -191 11 12 4 0.4 0.3 0.44 30 3 4 4 0.4 0.35 0.2 0.2 0.4 0.2 2 0 1 22
not_master	175 0 256 -1 413 0.0 0 0 0.0 -108 582 27 5 0.4 0.5 0.48 68 2 4 4 0.4 0.45 0.4 0.25 0.2 0.1 3 1 1 27
not_master	175 0 256 -42 114 0.36 0.04 0 0 -630 31 25 4 0.37 0.3 0.28 68 2 4 4 0.5 0.4 0.2 0.25 0.2 0.1 6 3 1 28
master	175 0 100 -31 104 4.41 0.83 0.0 0 -48 61 14 3 0.47 0.4 0.44 30 2 4 4 0.3 0.3 0.2 0.1 0.3 0.25 3 0 1 23
master	175 0 100 0 66 1.08 0.21 0 0.0 -106 29 12 3 0.41 0.4 0.44 29 2 4 2 0.5 0.25 0.1 0.15 0.2 0.2 3 3 1 10
master	175 0 369 -29 170 0.13 0.02 0 0.0 -173 57 29 4 0.48 0.5 0.52 60 4 4 2 0.4 0.3 0.2 0.3 0.2 0.15 0 5 1 9
master	175 0 369 0 54 2.3 0.31 0 0 -164 43 26 9 0.44 0.4 0.4 59 4 4 4 0.5 0.4 0.2 0.2 0.2 0.2 1 4 1 26
not_master	175 0 201 -3052 413 530.47 -98.45 0 0 -921 583 11 4 0.35 0.4 0.44 31 2 4 2 0.5 0.25 0.2 0.25 0.3 0.25 3 4 1 17
not_master	175 0 201 0 497 0.0 0 0 0.0 -598 2520 16 9 0.53 0.3 0.44 30 1 1 1 0.5 0.35 0.2 0.15 0.1 0.2 8 3 1 20
master	175 0 100 -46 305 0.0 0 0 0 -79 486 23 5 0.45 0.4 0.36 51 1 4 4 0.4 0.45 0.4 0.3 0.2 0.15 14 5 1 27
not_master	175 0 100 -38 788 28.55 4.08 0.0 0 -779 0 19 3 0.37 0.4 0.36 51 3 4 4 0.5 0.35 0.4 0.35 0.1 0.2 4 2 1 20
not_master	175 0 590 -45 94 1.47 0.23 0 0.0 -682 110 14 4 0.32 0.3 0.32 44 4 4 4 0.4 0.35 0.4 0.25 0.2 0.2 5 2 1 17
not_master	175 0 590 0 148 0.0 0 0.0 0.0 -218 654 26 10 0.6 0.2 0.4 43 4 2 4 0.5 0.4 0.2 0.25 0.3 0.15 4 4 1 18
master	175 0 142 -2 233 0.0 0 0 0 -1029 258 11 2 0.32 0.1 0.28 34 3 4 4 0.5 0.35 0.2 0.3 0.2 0.2 4 2 1 17
master	175 0 142 -24 1766 0.0 0 0 0 -531 1029 12 3 0.36 0.2 0.28 33 3 2 4 0.5 0.4 0.2 0.25 0.3 0.25 4 1 0 0
master	175 0 367 0 960 25.33 3.45 0 0.0 -841 381 23 4 0.41 0.7 0.48 56 4 4 2 0.4 0.3 0.2 0.35 0.2 0.15 8 1 1 7
master	175 0 367 0 407 4.46 0.61 0.0 0 -444 0 23 4 0.41 0.4 0.32 56 1 4 4 0.3 0.3 0.6 0.35 0.1 0.1 18 0 1 18
master	175 0 129 -12 121 2.44 -0.55 0.0 0 -111 66 10 7 0.45 0.5 0 22 3 4 4 0.4 0.45 0.5 0.3 0.1 0.1 2 0 1 11
master	175 0 129 -1 49 4.88 1.09 0.0 0 -73 42 9 3 0.41 0.5 0 22 3 4 4 0.5 0.35 0.2 0.3 0.2 0.15 3 0 1 10
not_master	175 0 145 -41 386 2.22 0.44 0 0 -387 35 10 3 0.37 0.1 0.32 27 3 2 2 0.5 0.35 0.2 0.3 0.2 0.25 5 2 0 0
not_master	175 0 145 -8 223 0.0 0 0.0 0.0 -200 343 15 5 0.58 0.5 0.56 26 1 4 4 0.4 0.25 0.3 0.2 0.1 0.2 8 0 0 0
not_master	175 0 146 -134 430 21.43 -3.62 0 0.0 -614 68 13 5 0.35 0.2 0.28 37 1 4 2 0.5 0.45 0.2 0.2 0.3 0.2 6 1 1 21
master	175 0 146 0 178 0.0 0 0 0 -146 620 21 7 0.58 0.3 0.56 36 4 4 4 0.5 0.5 0.2 0.25 0.1 0.1 4 2 1 22
master	175 0 104 -48 429 0.0 0 0.0 0 -397 73 13 2 0.38 0.4 0.32 34 2 4 4 0.5 0.35 0.3 0.25 0.2 0.25 0 0 0 0
master	175 0 104 -6 127 0.0 0 0.0 0 -131 25 17 3 0.5 0.6 0.48 34 4 4 4 0.6 0.35 0.3 0.35 0.0 0.15 1 5 0 0
not_master	175 0 222 -33 553 5.28 0.89 0 0 -957 97 12 3 0.32 0.3 0.32 37 3 2 2 0.6 0.5 0.2 0.15 0.2 0.2 5 0 1 17
not_master	175 0 222 -7 274 0.0 0 0 0 -167 811 18 4 0.5 0.5 0.44 36 4 4 4 0.6 0.4 0.1 0.25 0.2 0.1 4 2 1 12
master	175 0 297 0 397 70.07 13.23 0 0.0 -139 1095 13 6 0.43 0.3 0.44 30 3 4 4 0.3 0.3 0.4 0.3 0.2 0.2 5 0 1 23
master	175 0 297 -49 364 33.18 6.27 0.0 0.0 -885 42 14 3 0.47 0.4 0.44 30 1 4 1 0.6 0.5 0.1 0.25 0.0 0.05 6 1 0 0
not_master	175 0 100 0 94 3.2 0.82 0.0 0 -64 72 3 1 0.18 0.1 0 17 1 4 2 0.5 0 0.1 0 0.4 0.2 5 0 1 19
master	175 0 100 0 142 0.0 0 0 0 -160 31 6 4 0.38 0.2 0 16 3 2 4 0.5 0 0.3 0 0.2 0.05 0 0 1 14
master	175 0 114 -39 122 4.52 0.84 0 0 -112 352 15 4 0.48 0.2 0.48 31 4 4 4 0.6 0.45 0.2 0.25 0.2 0.1 4 0 1 7
master	175 0 114 0 332 0.0 0 0 0 -352 15 14 3 0.45 0.3 0.36 31 2 4 4 0.4 0.35 0.3 0.2 0.2 0.3 5 1 1 10
master	175 0 382 -67 240 0.0 0 0 0.0 -112 263 26 4 0.53 0.2 0.44 49 4 4 2 0.5 0.35 0.2 0.25 0.3 0.3 0 0 1 9
master	175 0 382 -58 98 0.0 0 0 0 -280 50 25 4 0.51 0.4 0.52 49 4 4 4 0.5 0.4 0.3 0.25 0.2 0.3 1 0 1 20
not_master	175 0 200 0 501 40.24 7.34 0 0 -70 852 13 3 0.41 0.4 0.36 32 1 4 4 0.5 0.3 0.2 0.2 0.2 0.2 10 5 1 21
not_master	175 0 200 -31 316 3.43 0.62 0 0 -873 0 18 5 0.56 0.5 0.52 32 4 2 2 0.5 0.35 0.3 0.2 0.2 0.25 5 0 1 34
master	175 0 297 -49 201 8.2 1.21 0 0 -305 69 22 3 0.46 0.4 0.44 48 3 4 4 0.3 0.25 0.4 0.45 0.2 0.2 4 7 1 21
master	175 0 297 -88 149 0.0 0 0 0 -145 241 23 5 0.48 0.2 0.36 48 3 4 1 0.5 0.45 0.1 0.15 0.1 0.1 5 5 0 0
master	175 0 380 -491 479 17.93 2.83 0 0 -504 160 16 2 0.38 0.5 0.36 42 4 4 2 0.5 0.35 0.2 0.3 0.3 0.25 4 0 1 9
master	175 0 380 -22 1157 15.08 2.41 0 0.0 -1179 21 21 4 0.51 0.7 0.6 41 3 4 4 0.5 0.4 0.4 0.35 0.1 0.15 9 0 1 30
master	175 0 100 0 910 0.0 0 0 0 -314 1183 35 5 0.51 0.4 0.36 68 4 2 2 0.6 0.4 0.2 0.3 0.2 0.15 4 8 1 9
not_master	175 0 100 -31 863 0.0 0 0 0 -4582 0 31 5 0.46 0.2 0.28 68 4 4 4 0.6 0.35 0.2 0.15 0.1 0.15 9 4 1 10
not_master	175 0 305 0 449 0.0 0 0 0.0 -56 1486 13 6 0.52 0.4 0.52 25 2 4 4 0.5 0.45 0.3 0.2 0.1 0.15 3 5 1 15
not_master	175 0 305 0 456 0.0 0 0 0.0 -1662 53 9 3 0.36 0.4 0.36 25 0 4 4 0.5 0.45 0.3 0.3 0.1 0.1 0 0 1 16
master	175 0 232 -2 225 0.0 0 0.0 0.0 -53 591 31 5 0.56 0.7 0.56 55 4 4 4 0.3 0.4 0.6 0.4 0.1 0.15 3 0 1 25
not_master	175 0 232 -64 579 0.26 0.04 0 0.0 -760 22 25 5 0.45 0.4 0.36 55 3 4 4 0.5 0.45 0.2 0.25 0.2 0.2 6 0 1 34
not_master	175 0 405 -74 639 0.89 -0.1 0.0 0 -578 347 41 8 0.52 0.2 0.32 79 4 4 2 0.5 0.35 0.3 0.2 0.2 0.25 3 4 1 15
not_master	175 0 405 -138 581 0.0 0 0 0.0 -619 17 47 7 0.6 0.3 0.44 78 0 4 4 0.5 0.3 0.2 0.2 0.2 0.25 4 1 1 14
master	175 0 367 -18 153 0.3 0.05 0 0.0 -261 56 22 5 0.51 0.5 0.4 43 3 4 3 0.4 0.3 0.3 0.35 0.2 0.2 4 3 1 7
master	175 0 367 -11 87 0.0 0 0 0.0 -102 146 28 5 0.65 0.7 0.72 43 3 4 4 0.3 0.4 0.5 0.3 0.1 0.2 3 1 1 16
master	175 0 201 -7 239 0.0 0 0 0 -75 205 22 6 0.54 0.5 0.56 41 4 4 4 0.6 0.45 0.2 0.2 0.1 0.15 1 0 1 15
not_master	175 0 201 -39 127 4.57 0.73 0 0.0 -257 240 16 2 0.39 0.2 0.36 41 2 1 1 0.5 0.4 0.1 0.1 0.2 0.15 6 0 1 22
master	175 0 296 -415 420 0.0 0 0.0 0 -415 568 16 2 0.52 0.6 0.48 31 3 4 4 0.4 0.4 0.3 0.2 0.3 0.25 3 3 1 23
master	175 0 296 -188 571 2.43 0.45 0.0 0 -558 64 12 3 0.39 0.3 0.4 31 1 4 1 0.6 0.55 0.1 0.2 0.1 0.1 9 1 1 48
not_master	175 0 100 -1 586 0.0 0 0 0.0 -715 759 15 5 0.52 0.3 0.44 29 3 4 4 0.5 0.4 0.3 0.3 0.2 0.2 1 0 1 13
not_master	175 0 100 -277 286 17.93 3.45 0.0 0 -849 210 8 3 0.28 0.3 0.32 29 3 4 4 0.5 0.5 0.4 0.3 0.1 0.1 3 0 1 10
not_master	175 0 402 0 317 0.97 0.14 0 0 -1117 41 22 4 0.44 0.4 0.32 50 1 4 2 0.4 0.5 0.2 0.15 0.4 0.2 11 1 1 21
not_master	175 0 402 -13 86 0.0 0 0 0 -72 1106 23 8 0.47 0.2 0.4 49 4 2 4 0.3 0.2 0.2 0.35 0.4 0.2 5 4 1 20
not_master	175 0 100 -33 103 0.0 0 0 0 -141 73 29 4 0.48 0.3 0.32 60 2 2 4 0.7 0.45 0.2 0.25 0.1 0.1 5 1 1 17
not_master	175 0 100 -29 299 2.79 0.37 0 0.0 -133 132 25 9 0.42 0.2 0.44 60 0 2 4 0.6 0.5 0.3 0.3 0.1 0.1 2 3 1 16
not_master	175 0 105 -43 93 10.67 -3.07 0.0 0 -83 115 3 2 0.21 0.1 0 14 3 4 4 0.7 0 0.2 0 0.1 0.1 1 0 1 7
not_master	175 0 105 -13 149 36.98 10.64 0 0 -176 10 4 2 0.29 0.2 0 14 3 4 4 0.5 0 0.3 0 0.1 0.1 0 1 1 8
not_master	175 0 360 -46 261 0.38 0.05 0 0 -284 95 34 14 0.56 0.5 0.36 61 4 4 2 0.6 0.4 0.1 0.25 0.3 0.2 3 8 1 7
not_master	175 0 360 -117 169 0.38 0.05 0 0.0 -188 312 32 10 0.53 0.3 0.32 60 2 4 4 0.6 0.4 0.2 0.15 0.2 0.35 5 7 1 22
master	175 0 515 -698 476 0.0 0 0 0.0 -698 79 17 3 0.39 0.5 0.36 44 4 4 2 0.6 0.4 0.2 0.15 0.2 0.25 6 0 1 19
master	175 0 515 -19 130 0.0 0 0 0.0 -145 21 19 6 0.44 0.2 0.44 43 1 4 2 0.5 0.35 0.1 0.15 0.4 0.3 10 1 1 20
not_master	175 0 570 0 918 0.0 0 0.0 0 -363 899 24 8 0.48 0.3 0.36 50 1 4 4 0.6 0.45 0.3 0.25 0.1 0.15 11 3 1 21
not_master	175 0 570 -66 212 2.08 0.3 0.0 0.0 -1131 0 19 3 0.38 0.3 0.32 50 4 2 4 0.5 0.4 0.4 0.4 0.1 0.1 7 0 1 10
not_master	175 0 100 0 600 0.65 0.05 0 0.0 -669 368 82 11 0.55 0.3 0.4 148 3 4 2 0.5 0.4 0.2 0.2 0.2 0.25 6 13 1 25
not_master	175 0 100 -139 378 0.16 0.01 0.0 0.0 -386 69 91 23 0.62 0.3 0.48 147 0 4 3 0.4 0.3 0.1 0.3 0.2 0.15 6 7 1 10
not_master	175 0 100 -1347 424 205.24 -32.85 0.0 0 -1347 131 21 5 0.51 0.6 0.44 41 1 4 4 0.8 0.65 0.2 0.2 0.0 0.1 7 3 0 0
master	175 0 100 -1 374 0.0 0 0.0 0.0 -345 365 14 2 0.35 0.2 0.28 40 2 2 2 0.4 0.4 0.1 0.15 0.4 0.3 7 1 1 46
not_master	175 0 105 -13 149 36.98 10.64 0 0 -176 10 4 2 0.29 0.2 0 14 3 4 4 0.5 0 0.3 0 0.1 0.1 0 1 1 8
master	175 0 122 -137 193 6.22 0.71 0 0 -178 252 42 7 0.53 0.3 0.4 79 4 4 4 0.4 0.3 0.4 0.2 0.2 0.3 5 3 1 12
master	175 0 354 -95 191 1.08 0.12 0 0 -95 198 42 9 0.51 0.4 0.36 83 3 4 4 0.5 0.4 0.2 0.25 0.3 0.25 0 2 1 13
master	175 0 354 -30 1421 0.0 0 0 0 -1447 47 42 8 0.51 0.2 0.36 83 3 4 4 0.5 0.35 0.2 0.35 0.3 0.2 1 4 1 14
not_master	175 0 100 0 174 8.94 1.4 0.0 0 -41 188 18 4 0.42 0.4 0.32 43 3 2 2 0.5 0.5 0.3 0.25 0.2 0.15 6 0 1 37
not_master	175 0 100 -23 162 24.13 3.77 0 0 -233 27 21 5 0.49 0.3 0.48 43 2 4 4 0.4 0.3 0.3 0.3 0.2 0.15 5 0 0 0
master	175 0 100 -28 111 4.34 -0.81 0 0 -35 97 12 5 0.39 0.2 0.44 31 0 2 4 0.4 0.25 0.3 0.2 0.2 0.25 5 0 1 25
not_master	175 0 100 -22 79 0.0 0 0 0.0 -149 17 14 4 0.47 0.2 0.52 30 2 4 4 0.4 0.3 0.3 0.2 0.3 0.3 2 0 1 26
not_master	175 0 100 -7 171 0.0 0 0 0 -134 363 32 5 0.54 0.2 0.48 59 4 4 4 0.5 0.4 0.3 0.35 0.1 0.1 1 2 1 13
not_master	175 0 100 -7 134 0.26 0.03 0 0 -400 89 24 3 0.41 0.3 0.4 59 4 4 4 0.7 0.4 0.2 0.2 0.1 0.1 0 0 1 26
not_master	175 0 142 -89 442 0.0 0 0 0 -618 129 10 2 0.23 0.2 0.28 43 3 4 4 0.5 0.5 0.2 0.2 0.2 0.1 6 1 1 13
not_master	175 0 142 -1 620 0.0 0 0 0 -244 579 13 2 0.31 0.3 0.24 42 3 2 4 0.6 0.5 0.2 0.15 0.2 0.1 5 3 1 20
master	175 0 542 -71 94 0.0 0 0.0 0 -81 404 14 6 0.47 0.4 0.36 30 4 4 4 0.6 0.45 0.2 0.15 0.1 0.15 3 1 1 25
master	175 0 542 0 124 0.0 0 0.0 0 -138 76 15 4 0.52 0.5 0.44 29 3 4 4 0.5 0.45 0.3 0.25 0.2 0.2 5 0 1 26
master	175 0 187 -216 148 24.93 -2.96 0 0.0 -379 146 35 6 0.48 0.2 0.4 73 3 4 4 0.6 0.4 0.2 0.35 0.1 0.15 3 4 1 11
not_master	175 0 187 -44 716 0.0 0 0.0 0.0 -698 379 39 11 0.54 0.5 0.52 72 2 4 4 0.7 0.45 0.1 0.35 0.1 0.05 2 2 1 12
